23.0000000 0.0500000 0.2038997
23.0000000 0.0675000 0.2038526
23.0000000 0.0850000 0.2038258
23.0000000 0.1025000 0.2038192
23.0000000 0.1200000 0.2038327
23.0000000 0.1375000 0.2038659
23.0000000 0.1550000 0.2039187
23.0000000 0.1725000 0.2039910
23.0000000 0.1900000 0.2040825
23.0000000 0.2075000 0.2041931
23.0000000 0.2250000 0.2043225
23.0000000 0.2425000 0.2044706
23.0000000 0.2600000 0.2046371
23.0000000 0.2775000 0.2048219
23.0000000 0.2950000 0.2050248
23.0000000 0.3125000 0.2052456
23.0000000 0.3300000 0.2054840
23.0000000 0.3475000 0.2057399
23.0000000 0.3650000 0.2060131
23.0000000 0.3825000 0.2063033
23.0000000 0.4000000 0.2066104
23.0000000 0.4175000 0.2069340
23.0000000 0.4350000 0.2072741
23.0000000 0.4525000 0.2076304
23.0000000 0.4700000 0.2080026
23.0000000 0.4875000 0.2083906
23.0000000 0.5050000 0.2087940
23.0000000 0.5225000 0.2092128
23.0000000 0.5400000 0.2096466
23.0000000 0.5575000 0.2100952
23.0000000 0.5750000 0.2105583
23.0000000 0.5925000 0.2110358
23.0000000 0.6100000 0.2115273
23.0000000 0.6275000 0.2120326
23.0000000 0.6450000 0.2125514
23.0000000 0.6625000 0.2130835
23.0000000 0.6800000 0.2136286
23.0000000 0.6975000 0.2141864
23.0000000 0.7150000 0.2147567
23.0000000 0.7325000 0.2153391
23.0000000 0.7500000 0.2159334
23.1500000 0.0500000 0.2038887
23.1500000 0.0675000 0.2038434
23.1500000 0.0850000 0.2038185
23.1500000 0.1025000 0.2038138
23.1500000 0.1200000 0.2038292
23.1500000 0.1375000 0.2038645
23.1500000 0.1550000 0.2039195
23.1500000 0.1725000 0.2039940
23.1500000 0.1900000 0.2040877
23.1500000 0.2075000 0.2042006
23.1500000 0.2250000 0.2043324
23.1500000 0.2425000 0.2044830
23.1500000 0.2600000 0.2046520
23.1500000 0.2775000 0.2048394
23.1500000 0.2950000 0.2050449
23.1500000 0.3125000 0.2052683
23.1500000 0.3300000 0.2055095
23.1500000 0.3475000 0.2057682
23.1500000 0.3650000 0.2060441
23.1500000 0.3825000 0.2063372
23.1500000 0.4000000 0.2066472
23.1500000 0.4175000 0.2069738
23.1500000 0.4350000 0.2073169
23.1500000 0.4525000 0.2076763
23.1500000 0.4700000 0.2080516
23.1500000 0.4875000 0.2084427
23.1500000 0.5050000 0.2088494
23.1500000 0.5225000 0.2092714
23.1500000 0.5400000 0.2097084
23.1500000 0.5575000 0.2101603
23.1500000 0.5750000 0.2106268
23.1500000 0.5925000 0.2111076
23.1500000 0.6100000 0.2116025
23.1500000 0.6275000 0.2121113
23.1500000 0.6450000 0.2126336
23.1500000 0.6625000 0.2131692
23.1500000 0.6800000 0.2137178
23.1500000 0.6975000 0.2142792
23.1500000 0.7150000 0.2148530
23.1500000 0.7325000 0.2154390
23.1500000 0.7500000 0.2160370
23.3000000 0.0500000 0.2038782
23.3000000 0.0675000 0.2038347
23.3000000 0.0850000 0.2038117
23.3000000 0.1025000 0.2038090
23.3000000 0.1200000 0.2038264
23.3000000 0.1375000 0.2038637
23.3000000 0.1550000 0.2039208
23.3000000 0.1725000 0.2039975
23.3000000 0.1900000 0.2040935
23.3000000 0.2075000 0.2042087
23.3000000 0.2250000 0.2043429
23.3000000 0.2425000 0.2044959
23.3000000 0.2600000 0.2046674
23.3000000 0.2775000 0.2048574
23.3000000 0.2950000 0.2050655
23.3000000 0.3125000 0.2052916
23.3000000 0.3300000 0.2055354
23.3000000 0.3475000 0.2057969
23.3000000 0.3650000 0.2060757
23.3000000 0.3825000 0.2063716
23.3000000 0.4000000 0.2066845
23.3000000 0.4175000 0.2070141
23.3000000 0.4350000 0.2073602
23.3000000 0.4525000 0.2077226
23.3000000 0.4700000 0.2081010
23.3000000 0.4875000 0.2084953
23.3000000 0.5050000 0.2089051
23.3000000 0.5225000 0.2093303
23.3000000 0.5400000 0.2097707
23.3000000 0.5575000 0.2102259
23.3000000 0.5750000 0.2106957
23.3000000 0.5925000 0.2111799
23.3000000 0.6100000 0.2116782
23.3000000 0.6275000 0.2121903
23.3000000 0.6450000 0.2127161
23.3000000 0.6625000 0.2132552
23.3000000 0.6800000 0.2138073
23.3000000 0.6975000 0.2143722
23.3000000 0.7150000 0.2149496
23.3000000 0.7325000 0.2155393
23.3000000 0.7500000 0.2161408
23.4500000 0.0500000 0.2038683
23.4500000 0.0675000 0.2038265
23.4500000 0.0850000 0.2038054
23.4500000 0.1025000 0.2038046
23.4500000 0.1200000 0.2038240
23.4500000 0.1375000 0.2038634
23.4500000 0.1550000 0.2039227
23.4500000 0.1725000 0.2040015
23.4500000 0.1900000 0.2040998
23.4500000 0.2075000 0.2042173
23.4500000 0.2250000 0.2043539
23.4500000 0.2425000 0.2045093
23.4500000 0.2600000 0.2046834
23.4500000 0.2775000 0.2048758
23.4500000 0.2950000 0.2050866
23.4500000 0.3125000 0.2053153
23.4500000 0.3300000 0.2055619
23.4500000 0.3475000 0.2058261
23.4500000 0.3650000 0.2061077
23.4500000 0.3825000 0.2064065
23.4500000 0.4000000 0.2067223
23.4500000 0.4175000 0.2070549
23.4500000 0.4350000 0.2074040
23.4500000 0.4525000 0.2077694
23.4500000 0.4700000 0.2081510
23.4500000 0.4875000 0.2085483
23.4500000 0.5050000 0.2089614
23.4500000 0.5225000 0.2093898
23.4500000 0.5400000 0.2098333
23.4500000 0.5575000 0.2102918
23.4500000 0.5750000 0.2107650
23.4500000 0.5925000 0.2112525
23.4500000 0.6100000 0.2117542
23.4500000 0.6275000 0.2122698
23.4500000 0.6450000 0.2127990
23.4500000 0.6625000 0.2133415
23.4500000 0.6800000 0.2138972
23.4500000 0.6975000 0.2144656
23.4500000 0.7150000 0.2150466
23.4500000 0.7325000 0.2156397
23.4500000 0.7500000 0.2162449
23.6000000 0.0500000 0.2038588
23.6000000 0.0675000 0.2038189
23.6000000 0.0850000 0.2037996
23.6000000 0.1025000 0.2038008
23.6000000 0.1200000 0.2038222
23.6000000 0.1375000 0.2038637
23.6000000 0.1550000 0.2039250
23.6000000 0.1725000 0.2040061
23.6000000 0.1900000 0.2041066
23.6000000 0.2075000 0.2042265
23.6000000 0.2250000 0.2043654
23.6000000 0.2425000 0.2045233
23.6000000 0.2600000 0.2046998
23.6000000 0.2775000 0.2048948
23.6000000 0.2950000 0.2051082
23.6000000 0.3125000 0.2053396
23.6000000 0.3300000 0.2055889
23.6000000 0.3475000 0.2058558
23.6000000 0.3650000 0.2061403
23.6000000 0.3825000 0.2064419
23.6000000 0.4000000 0.2067606
23.6000000 0.4175000 0.2070961
23.6000000 0.4350000 0.2074482
23.6000000 0.4525000 0.2078167
23.6000000 0.4700000 0.2082013
23.6000000 0.4875000 0.2086018
23.6000000 0.5050000 0.2090180
23.6000000 0.5225000 0.2094496
23.6000000 0.5400000 0.2098964
23.6000000 0.5575000 0.2103582
23.6000000 0.5750000 0.2108346
23.6000000 0.5925000 0.2113255
23.6000000 0.6100000 0.2118306
23.6000000 0.6275000 0.2123496
23.6000000 0.6450000 0.2128822
23.6000000 0.6625000 0.2134282
23.6000000 0.6800000 0.2139874
23.6000000 0.6975000 0.2145593
23.6000000 0.7150000 0.2151438
23.6000000 0.7325000 0.2157405
23.6000000 0.7500000 0.2163492
23.7500000 0.0500000 0.2038499
23.7500000 0.0675000 0.2038118
23.7500000 0.0850000 0.2037943
23.7500000 0.1025000 0.2037974
23.7500000 0.1200000 0.2038208
23.7500000 0.1375000 0.2038644
23.7500000 0.1550000 0.2039279
23.7500000 0.1725000 0.2040112
23.7500000 0.1900000 0.2041140
23.7500000 0.2075000 0.2042361
23.7500000 0.2250000 0.2043775
23.7500000 0.2425000 0.2045377
23.7500000 0.2600000 0.2047168
23.7500000 0.2775000 0.2049143
23.7500000 0.2950000 0.2051303
23.7500000 0.3125000 0.2053643
23.7500000 0.3300000 0.2056163
23.7500000 0.3475000 0.2058861
23.7500000 0.3650000 0.2061733
23.7500000 0.3825000 0.2064778
23.7500000 0.4000000 0.2067994
23.7500000 0.4175000 0.2071379
23.7500000 0.4350000 0.2074929
23.7500000 0.4525000 0.2078644
23.7500000 0.4700000 0.2082521
23.7500000 0.4875000 0.2086557
23.7500000 0.5050000 0.2090751
23.7500000 0.5225000 0.2095099
23.7500000 0.5400000 0.2099599
23.7500000 0.5575000 0.2104249
23.7500000 0.5750000 0.2109047
23.7500000 0.5925000 0.2113989
23.7500000 0.6100000 0.2119073
23.7500000 0.6275000 0.2124297
23.7500000 0.6450000 0.2129658
23.7500000 0.6625000 0.2135152
23.7500000 0.6800000 0.2140778
23.7500000 0.6975000 0.2146533
23.7500000 0.7150000 0.2152413
23.7500000 0.7325000 0.2158415
23.7500000 0.7500000 0.2164538
23.9000000 0.0500000 0.2038414
23.9000000 0.0675000 0.2038051
23.9000000 0.0850000 0.2037896
23.9000000 0.1025000 0.2037946
23.9000000 0.1200000 0.2038200
23.9000000 0.1375000 0.2038657
23.9000000 0.1550000 0.2039313
23.9000000 0.1725000 0.2040168
23.9000000 0.1900000 0.2041218
23.9000000 0.2075000 0.2042463
23.9000000 0.2250000 0.2043900
23.9000000 0.2425000 0.2045527
23.9000000 0.2600000 0.2047342
23.9000000 0.2775000 0.2049344
23.9000000 0.2950000 0.2051529
23.9000000 0.3125000 0.2053896
23.9000000 0.3300000 0.2056443
23.9000000 0.3475000 0.2059168
23.9000000 0.3650000 0.2062068
23.9000000 0.3825000 0.2065142
23.9000000 0.4000000 0.2068386
23.9000000 0.4175000 0.2071800
23.9000000 0.4350000 0.2075381
23.9000000 0.4525000 0.2079126
23.9000000 0.4700000 0.2083034
23.9000000 0.4875000 0.2087101
23.9000000 0.5050000 0.2091326
23.9000000 0.5225000 0.2095706
23.9000000 0.5400000 0.2100238
23.9000000 0.5575000 0.2104921
23.9000000 0.5750000 0.2109751
23.9000000 0.5925000 0.2114727
23.9000000 0.6100000 0.2119844
23.9000000 0.6275000 0.2125102
23.9000000 0.6450000 0.2130497
23.9000000 0.6625000 0.2136026
23.9000000 0.6800000 0.2141686
23.9000000 0.6975000 0.2147476
23.9000000 0.7150000 0.2153391
23.9000000 0.7325000 0.2159428
23.9000000 0.7500000 0.2165586
24.0500000 0.0500000 0.2038335
24.0500000 0.0675000 0.2037990
24.0500000 0.0850000 0.2037853
24.0500000 0.1025000 0.2037923
24.0500000 0.1200000 0.2038197
24.0500000 0.1375000 0.2038674
24.0500000 0.1550000 0.2039352
24.0500000 0.1725000 0.2040228
24.0500000 0.1900000 0.2041302
24.0500000 0.2075000 0.2042570
24.0500000 0.2250000 0.2044030
24.0500000 0.2425000 0.2045682
24.0500000 0.2600000 0.2047522
24.0500000 0.2775000 0.2049549
24.0500000 0.2950000 0.2051760
24.0500000 0.3125000 0.2054153
24.0500000 0.3300000 0.2056727
24.0500000 0.3475000 0.2059480
24.0500000 0.3650000 0.2062408
24.0500000 0.3825000 0.2065510
24.0500000 0.4000000 0.2068784
24.0500000 0.4175000 0.2072227
24.0500000 0.4350000 0.2075837
24.0500000 0.4525000 0.2079613
24.0500000 0.4700000 0.2083551
24.0500000 0.4875000 0.2087649
24.0500000 0.5050000 0.2091905
24.0500000 0.5225000 0.2096317
24.0500000 0.5400000 0.2100881
24.0500000 0.5575000 0.2105596
24.0500000 0.5750000 0.2110459
24.0500000 0.5925000 0.2115468
24.0500000 0.6100000 0.2120619
24.0500000 0.6275000 0.2125910
24.0500000 0.6450000 0.2131339
24.0500000 0.6625000 0.2136902
24.0500000 0.6800000 0.2142597
24.0500000 0.6975000 0.2148421
24.0500000 0.7150000 0.2154371
24.0500000 0.7325000 0.2160444
24.0500000 0.7500000 0.2166637
24.2000000 0.0500000 0.2038260
24.2000000 0.0675000 0.2037933
24.2000000 0.0850000 0.2037815
24.2000000 0.1025000 0.2037904
24.2000000 0.1200000 0.2038199
24.2000000 0.1375000 0.2038697
24.2000000 0.1550000 0.2039396
24.2000000 0.1725000 0.2040294
24.2000000 0.1900000 0.2041390
24.2000000 0.2075000 0.2042681
24.2000000 0.2250000 0.2044166
24.2000000 0.2425000 0.2045842
24.2000000 0.2600000 0.2047707
24.2000000 0.2775000 0.2049759
24.2000000 0.2950000 0.2051996
24.2000000 0.3125000 0.2054416
24.2000000 0.3300000 0.2057017
24.2000000 0.3475000 0.2059796
24.2000000 0.3650000 0.2062752
24.2000000 0.3825000 0.2065883
24.2000000 0.4000000 0.2069185
24.2000000 0.4175000 0.2072658
24.2000000 0.4350000 0.2076298
24.2000000 0.4525000 0.2080103
24.2000000 0.4700000 0.2084072
24.2000000 0.4875000 0.2088201
24.2000000 0.5050000 0.2092488
24.2000000 0.5225000 0.2096931
24.2000000 0.5400000 0.2101528
24.2000000 0.5575000 0.2106276
24.2000000 0.5750000 0.2111171
24.2000000 0.5925000 0.2116213
24.2000000 0.6100000 0.2121397
24.2000000 0.6275000 0.2126722
24.2000000 0.6450000 0.2132185
24.2000000 0.6625000 0.2137782
24.2000000 0.6800000 0.2143511
24.2000000 0.6975000 0.2149370
24.2000000 0.7150000 0.2155354
24.2000000 0.7325000 0.2161462
24.2000000 0.7500000 0.2167690
24.3500000 0.0500000 0.2038190
24.3500000 0.0675000 0.2037881
24.3500000 0.0850000 0.2037782
24.3500000 0.1025000 0.2037891
24.3500000 0.1200000 0.2038205
24.3500000 0.1375000 0.2038724
24.3500000 0.1550000 0.2039445
24.3500000 0.1725000 0.2040365
24.3500000 0.1900000 0.2041484
24.3500000 0.2075000 0.2042798
24.3500000 0.2250000 0.2044306
24.3500000 0.2425000 0.2046006
24.3500000 0.2600000 0.2047896
24.3500000 0.2775000 0.2049973
24.3500000 0.2950000 0.2052236
24.3500000 0.3125000 0.2054683
24.3500000 0.3300000 0.2057311
24.3500000 0.3475000 0.2060117
24.3500000 0.3650000 0.2063101
24.3500000 0.3825000 0.2066260
24.3500000 0.4000000 0.2069591
24.3500000 0.4175000 0.2073093
24.3500000 0.4350000 0.2076763
24.3500000 0.4525000 0.2080598
24.3500000 0.4700000 0.2084597
24.3500000 0.4875000 0.2088757
24.3500000 0.5050000 0.2093076
24.3500000 0.5225000 0.2097550
24.3500000 0.5400000 0.2102179
24.3500000 0.5575000 0.2106959
24.3500000 0.5750000 0.2111887
24.3500000 0.5925000 0.2116961
24.3500000 0.6100000 0.2122179
24.3500000 0.6275000 0.2127537
24.3500000 0.6450000 0.2133033
24.3500000 0.6625000 0.2138664
24.3500000 0.6800000 0.2144428
24.3500000 0.6975000 0.2150321
24.3500000 0.7150000 0.2156340
24.3500000 0.7325000 0.2162483
24.3500000 0.7500000 0.2168746
24.5000000 0.0500000 0.2038125
24.5000000 0.0675000 0.2037834
24.5000000 0.0850000 0.2037754
24.5000000 0.1025000 0.2037882
24.5000000 0.1200000 0.2038217
24.5000000 0.1375000 0.2038756
24.5000000 0.1550000 0.2039498
24.5000000 0.1725000 0.2040441
24.5000000 0.1900000 0.2041582
24.5000000 0.2075000 0.2042920
24.5000000 0.2250000 0.2044451
24.5000000 0.2425000 0.2046176
24.5000000 0.2600000 0.2048090
24.5000000 0.2775000 0.2050193
24.5000000 0.2950000 0.2052482
24.5000000 0.3125000 0.2054955
24.5000000 0.3300000 0.2057609
24.5000000 0.3475000 0.2060443
24.5000000 0.3650000 0.2063455
24.5000000 0.3825000 0.2066642
24.5000000 0.4000000 0.2070002
24.5000000 0.4175000 0.2073533
24.5000000 0.4350000 0.2077232
24.5000000 0.4525000 0.2081097
24.5000000 0.4700000 0.2085127
24.5000000 0.4875000 0.2089317
24.5000000 0.5050000 0.2093667
24.5000000 0.5225000 0.2098173
24.5000000 0.5400000 0.2102833
24.5000000 0.5575000 0.2107645
24.5000000 0.5750000 0.2112606
24.5000000 0.5925000 0.2117713
24.5000000 0.6100000 0.2122964
24.5000000 0.6275000 0.2128355
24.5000000 0.6450000 0.2133885
24.5000000 0.6625000 0.2139550
24.5000000 0.6800000 0.2145348
24.5000000 0.6975000 0.2151275
24.5000000 0.7150000 0.2157328
24.5000000 0.7325000 0.2163506
24.5000000 0.7500000 0.2169803
24.6500000 0.0500000 0.2038065
24.6500000 0.0675000 0.2037792
24.6500000 0.0850000 0.2037731
24.6500000 0.1025000 0.2037878
24.6500000 0.1200000 0.2038233
24.6500000 0.1375000 0.2038794
24.6500000 0.1550000 0.2039557
24.6500000 0.1725000 0.2040522
24.6500000 0.1900000 0.2041685
24.6500000 0.2075000 0.2043046
24.6500000 0.2250000 0.2044601
24.6500000 0.2425000 0.2046350
24.6500000 0.2600000 0.2048289
24.6500000 0.2775000 0.2050417
24.6500000 0.2950000 0.2052732
24.6500000 0.3125000 0.2055231
24.6500000 0.3300000 0.2057913
24.6500000 0.3475000 0.2060774
24.6500000 0.3650000 0.2063813
24.6500000 0.3825000 0.2067029
24.6500000 0.4000000 0.2070417
24.6500000 0.4175000 0.2073977
24.6500000 0.4350000 0.2077706
24.6500000 0.4525000 0.2081601
24.6500000 0.4700000 0.2085660
24.6500000 0.4875000 0.2089882
24.6500000 0.5050000 0.2094262
24.6500000 0.5225000 0.2098800
24.6500000 0.5400000 0.2103492
24.6500000 0.5575000 0.2108336
24.6500000 0.5750000 0.2113329
24.6500000 0.5925000 0.2118468
24.6500000 0.6100000 0.2123752
24.6500000 0.6275000 0.2129177
24.6500000 0.6450000 0.2134740
24.6500000 0.6625000 0.2140439
24.6500000 0.6800000 0.2146270
24.6500000 0.6975000 0.2152231
24.6500000 0.7150000 0.2158319
24.6500000 0.7325000 0.2164531
24.6500000 0.7500000 0.2170863
24.8000000 0.0500000 0.2038009
24.8000000 0.0675000 0.2037754
24.8000000 0.0850000 0.2037712
24.8000000 0.1025000 0.2037879
24.8000000 0.1200000 0.2038254
24.8000000 0.1375000 0.2038835
24.8000000 0.1550000 0.2039620
24.8000000 0.1725000 0.2040607
24.8000000 0.1900000 0.2041793
24.8000000 0.2075000 0.2043177
24.8000000 0.2250000 0.2044756
24.8000000 0.2425000 0.2046529
24.8000000 0.2600000 0.2048493
24.8000000 0.2775000 0.2050647
24.8000000 0.2950000 0.2052987
24.8000000 0.3125000 0.2055512
24.8000000 0.3300000 0.2058220
24.8000000 0.3475000 0.2061109
24.8000000 0.3650000 0.2064176
24.8000000 0.3825000 0.2067419
24.8000000 0.4000000 0.2070837
24.8000000 0.4175000 0.2074425
24.8000000 0.4350000 0.2078183
24.8000000 0.4525000 0.2082108
24.8000000 0.4700000 0.2086198
24.8000000 0.4875000 0.2090450
24.8000000 0.5050000 0.2094862
24.8000000 0.5225000 0.2099430
24.8000000 0.5400000 0.2104154
24.8000000 0.5575000 0.2109030
24.8000000 0.5750000 0.2114055
24.8000000 0.5925000 0.2119227
24.8000000 0.6100000 0.2124544
24.8000000 0.6275000 0.2130001
24.8000000 0.6450000 0.2135598
24.8000000 0.6625000 0.2141330
24.8000000 0.6800000 0.2147195
24.8000000 0.6975000 0.2153190
24.8000000 0.7150000 0.2159313
24.8000000 0.7325000 0.2165559
24.8000000 0.7500000 0.2171925
24.9500000 0.0500000 0.2037957
24.9500000 0.0675000 0.2037721
24.9500000 0.0850000 0.2037698
24.9500000 0.1025000 0.2037885
24.9500000 0.1200000 0.2038280
24.9500000 0.1375000 0.2038882
24.9500000 0.1550000 0.2039688
24.9500000 0.1725000 0.2040697
24.9500000 0.1900000 0.2041906
24.9500000 0.2075000 0.2043313
24.9500000 0.2250000 0.2044916
24.9500000 0.2425000 0.2046713
24.9500000 0.2600000 0.2048702
24.9500000 0.2775000 0.2050880
24.9500000 0.2950000 0.2053246
24.9500000 0.3125000 0.2055798
24.9500000 0.3300000 0.2058533
24.9500000 0.3475000 0.2061449
24.9500000 0.3650000 0.2064543
24.9500000 0.3825000 0.2067815
24.9500000 0.4000000 0.2071260
24.9500000 0.4175000 0.2074878
24.9500000 0.4350000 0.2078665
24.9500000 0.4525000 0.2082620
24.9500000 0.4700000 0.2086740
24.9500000 0.4875000 0.2091022
24.9500000 0.5050000 0.2095465
24.9500000 0.5225000 0.2100065
24.9500000 0.5400000 0.2104820
24.9500000 0.5575000 0.2109727
24.9500000 0.5750000 0.2114785
24.9500000 0.5925000 0.2119989
24.9500000 0.6100000 0.2125338
24.9500000 0.6275000 0.2130829
24.9500000 0.6450000 0.2136459
24.9500000 0.6625000 0.2142224
24.9500000 0.6800000 0.2148123
24.9500000 0.6975000 0.2154152
24.9500000 0.7150000 0.2160308
24.9500000 0.7325000 0.2166589
24.9500000 0.7500000 0.2172990
25.1000000 0.0500000 0.2037911
25.1000000 0.0675000 0.2037693
25.1000000 0.0850000 0.2037688
25.1000000 0.1025000 0.2037895
25.1000000 0.1200000 0.2038311
25.1000000 0.1375000 0.2038933
25.1000000 0.1550000 0.2039761
25.1000000 0.1725000 0.2040792
25.1000000 0.1900000 0.2042023
25.1000000 0.2075000 0.2043453
25.1000000 0.2250000 0.2045080
25.1000000 0.2425000 0.2046901
25.1000000 0.2600000 0.2048915
25.1000000 0.2775000 0.2051119
25.1000000 0.2950000 0.2053510
25.1000000 0.3125000 0.2056088
25.1000000 0.3300000 0.2058850
25.1000000 0.3475000 0.2061793
25.1000000 0.3650000 0.2064915
25.1000000 0.3825000 0.2068214
25.1000000 0.4000000 0.2071688
25.1000000 0.4175000 0.2075335
25.1000000 0.4350000 0.2079152
25.1000000 0.4525000 0.2083136
25.1000000 0.4700000 0.2087286
25.1000000 0.4875000 0.2091598
25.1000000 0.5050000 0.2096071
25.1000000 0.5225000 0.2100703
25.1000000 0.5400000 0.2105489
25.1000000 0.5575000 0.2110428
25.1000000 0.5750000 0.2115518
25.1000000 0.5925000 0.2120755
25.1000000 0.6100000 0.2126136
25.1000000 0.6275000 0.2131660
25.1000000 0.6450000 0.2137323
25.1000000 0.6625000 0.2143122
25.1000000 0.6800000 0.2149054
25.1000000 0.6975000 0.2155117
25.1000000 0.7150000 0.2161307
25.1000000 0.7325000 0.2167621
25.1000000 0.7500000 0.2174056
25.2500000 0.0500000 0.2037869
25.2500000 0.0675000 0.2037669
25.2500000 0.0850000 0.2037684
25.2500000 0.1025000 0.2037910
25.2500000 0.1200000 0.2038346
25.2500000 0.1375000 0.2038989
25.2500000 0.1550000 0.2039838
25.2500000 0.1725000 0.2040891
25.2500000 0.1900000 0.2042145
25.2500000 0.2075000 0.2043598
25.2500000 0.2250000 0.2045249
25.2500000 0.2425000 0.2047094
25.2500000 0.2600000 0.2049132
25.2500000 0.2775000 0.2051361
25.2500000 0.2950000 0.2053779
25.2500000 0.3125000 0.2056383
25.2500000 0.3300000 0.2059171
25.2500000 0.3475000 0.2062141
25.2500000 0.3650000 0.2065291
25.2500000 0.3825000 0.2068618
25.2500000 0.4000000 0.2072121
25.2500000 0.4175000 0.2075796
25.2500000 0.4350000 0.2079642
25.2500000 0.4525000 0.2083656
25.2500000 0.4700000 0.2087835
25.2500000 0.4875000 0.2092178
25.2500000 0.5050000 0.2096682
25.2500000 0.5225000 0.2101344
25.2500000 0.5400000 0.2106162
25.2500000 0.5575000 0.2111133
25.2500000 0.5750000 0.2116254
25.2500000 0.5925000 0.2121523
25.2500000 0.6100000 0.2126937
25.2500000 0.6275000 0.2132494
25.2500000 0.6450000 0.2138189
25.2500000 0.6625000 0.2144021
25.2500000 0.6800000 0.2149987
25.2500000 0.6975000 0.2156083
25.2500000 0.7150000 0.2162307
25.2500000 0.7325000 0.2168655
25.2500000 0.7500000 0.2175125
25.4000000 0.0500000 0.2037831
25.4000000 0.0675000 0.2037650
25.4000000 0.0850000 0.2037683
25.4000000 0.1025000 0.2037929
25.4000000 0.1200000 0.2038385
25.4000000 0.1375000 0.2039050
25.4000000 0.1550000 0.2039920
25.4000000 0.1725000 0.2040995
25.4000000 0.1900000 0.2042271
25.4000000 0.2075000 0.2043748
25.4000000 0.2250000 0.2045422
25.4000000 0.2425000 0.2047292
25.4000000 0.2600000 0.2049355
25.4000000 0.2775000 0.2051609
25.4000000 0.2950000 0.2054052
25.4000000 0.3125000 0.2056682
25.4000000 0.3300000 0.2059497
25.4000000 0.3475000 0.2062494
25.4000000 0.3650000 0.2065671
25.4000000 0.3825000 0.2069026
25.4000000 0.4000000 0.2072557
25.4000000 0.4175000 0.2076261
25.4000000 0.4350000 0.2080136
25.4000000 0.4525000 0.2084180
25.4000000 0.4700000 0.2088389
25.4000000 0.4875000 0.2092762
25.4000000 0.5050000 0.2097297
25.4000000 0.5225000 0.2101989
25.4000000 0.5400000 0.2106838
25.4000000 0.5575000 0.2111841
25.4000000 0.5750000 0.2116994
25.4000000 0.5925000 0.2122295
25.4000000 0.6100000 0.2127742
25.4000000 0.6275000 0.2133330
25.4000000 0.6450000 0.2139059
25.4000000 0.6625000 0.2144924
25.4000000 0.6800000 0.2150923
25.4000000 0.6975000 0.2157053
25.4000000 0.7150000 0.2163310
25.4000000 0.7325000 0.2169692
25.4000000 0.7500000 0.2176195
25.5500000 0.0500000 0.2037798
25.5500000 0.0675000 0.2037635
25.5500000 0.0850000 0.2037687
25.5500000 0.1025000 0.2037953
25.5500000 0.1200000 0.2038429
25.5500000 0.1375000 0.2039115
25.5500000 0.1550000 0.2040007
25.5500000 0.1725000 0.2041103
25.5500000 0.1900000 0.2042402
25.5500000 0.2075000 0.2043902
25.5500000 0.2250000 0.2045600
25.5500000 0.2425000 0.2047493
25.5500000 0.2600000 0.2049581
25.5500000 0.2775000 0.2051861
25.5500000 0.2950000 0.2054329
25.5500000 0.3125000 0.2056986
25.5500000 0.3300000 0.2059827
25.5500000 0.3475000 0.2062851
25.5500000 0.3650000 0.2066056
25.5500000 0.3825000 0.2069439
25.5500000 0.4000000 0.2072998
25.5500000 0.4175000 0.2076730
25.5500000 0.4350000 0.2080634
25.5500000 0.4525000 0.2084707
25.5500000 0.4700000 0.2088947
25.5500000 0.4875000 0.2093350
25.5500000 0.5050000 0.2097915
25.5500000 0.5225000 0.2102638
25.5500000 0.5400000 0.2107518
25.5500000 0.5575000 0.2112552
25.5500000 0.5750000 0.2117737
25.5500000 0.5925000 0.2123070
25.5500000 0.6100000 0.2128549
25.5500000 0.6275000 0.2134170
25.5500000 0.6450000 0.2139931
25.5500000 0.6625000 0.2145829
25.5500000 0.6800000 0.2151862
25.5500000 0.6975000 0.2158024
25.5500000 0.7150000 0.2164315
25.5500000 0.7325000 0.2170731
25.5500000 0.7500000 0.2177268
25.7000000 0.0500000 0.2037769
25.7000000 0.0675000 0.2037624
25.7000000 0.0850000 0.2037696
25.7000000 0.1025000 0.2037981
25.7000000 0.1200000 0.2038478
25.7000000 0.1375000 0.2039184
25.7000000 0.1550000 0.2040098
25.7000000 0.1725000 0.2041216
25.7000000 0.1900000 0.2042538
25.7000000 0.2075000 0.2044061
25.7000000 0.2250000 0.2045782
25.7000000 0.2425000 0.2047700
25.7000000 0.2600000 0.2049812
25.7000000 0.2775000 0.2052117
25.7000000 0.2950000 0.2054611
25.7000000 0.3125000 0.2057293
25.7000000 0.3300000 0.2060161
25.7000000 0.3475000 0.2063212
25.7000000 0.3650000 0.2066444
25.7000000 0.3825000 0.2069855
25.7000000 0.4000000 0.2073442
25.7000000 0.4175000 0.2077204
25.7000000 0.4350000 0.2081137
25.7000000 0.4525000 0.2085239
25.7000000 0.4700000 0.2089508
25.7000000 0.4875000 0.2093941
25.7000000 0.5050000 0.2098536
25.7000000 0.5225000 0.2103291
25.7000000 0.5400000 0.2108202
25.7000000 0.5575000 0.2113267
25.7000000 0.5750000 0.2118483
25.7000000 0.5925000 0.2123848
25.7000000 0.6100000 0.2129359
25.7000000 0.6275000 0.2135013
25.7000000 0.6450000 0.2140807
25.7000000 0.6625000 0.2146737
25.7000000 0.6800000 0.2152802
25.7000000 0.6975000 0.2158999
25.7000000 0.7150000 0.2165323
25.7000000 0.7325000 0.2171772
25.7000000 0.7500000 0.2178342
25.8500000 0.0500000 0.2037744
25.8500000 0.0675000 0.2037618
25.8500000 0.0850000 0.2037709
25.8500000 0.1025000 0.2038014
25.8500000 0.1200000 0.2038531
25.8500000 0.1375000 0.2039258
25.8500000 0.1550000 0.2040193
25.8500000 0.1725000 0.2041334
25.8500000 0.1900000 0.2042678
25.8500000 0.2075000 0.2044224
25.8500000 0.2250000 0.2045969
25.8500000 0.2425000 0.2047911
25.8500000 0.2600000 0.2050048
25.8500000 0.2775000 0.2052377
25.8500000 0.2950000 0.2054897
25.8500000 0.3125000 0.2057606
25.8500000 0.3300000 0.2060500
25.8500000 0.3475000 0.2063578
25.8500000 0.3650000 0.2066837
25.8500000 0.3825000 0.2070276
25.8500000 0.4000000 0.2073891
25.8500000 0.4175000 0.2077681
25.8500000 0.4350000 0.2081643
25.8500000 0.4525000 0.2085774
25.8500000 0.4700000 0.2090073
25.8500000 0.4875000 0.2094536
25.8500000 0.5050000 0.2099162
25.8500000 0.5225000 0.2103947
25.8500000 0.5400000 0.2108889
25.8500000 0.5575000 0.2113985
25.8500000 0.5750000 0.2119233
25.8500000 0.5925000 0.2124629
25.8500000 0.6100000 0.2130172
25.8500000 0.6275000 0.2135858
25.8500000 0.6450000 0.2141684
25.8500000 0.6625000 0.2147648
25.8500000 0.6800000 0.2153746
25.8500000 0.6975000 0.2159975
25.8500000 0.7150000 0.2166332
25.8500000 0.7325000 0.2172815
25.8500000 0.7500000 0.2179419
26.0000000 0.0500000 0.2037724
26.0000000 0.0675000 0.2037616
26.0000000 0.0850000 0.2037726
26.0000000 0.1025000 0.2038051
26.0000000 0.1200000 0.2038588
26.0000000 0.1375000 0.2039336
26.0000000 0.1550000 0.2040293
26.0000000 0.1725000 0.2041455
26.0000000 0.1900000 0.2042822
26.0000000 0.2075000 0.2044391
26.0000000 0.2250000 0.2046160
26.0000000 0.2425000 0.2048126
26.0000000 0.2600000 0.2050287
26.0000000 0.2775000 0.2052642
26.0000000 0.2950000 0.2055188
26.0000000 0.3125000 0.2057922
26.0000000 0.3300000 0.2060843
26.0000000 0.3475000 0.2063948
26.0000000 0.3650000 0.2067234
26.0000000 0.3825000 0.2070700
26.0000000 0.4000000 0.2074344
26.0000000 0.4175000 0.2078162
26.0000000 0.4350000 0.2082153
26.0000000 0.4525000 0.2086313
26.0000000 0.4700000 0.2090642
26.0000000 0.4875000 0.2095135
26.0000000 0.5050000 0.2099790
26.0000000 0.5225000 0.2104606
26.0000000 0.5400000 0.2109579
26.0000000 0.5575000 0.2114706
26.0000000 0.5750000 0.2119985
26.0000000 0.5925000 0.2125414
26.0000000 0.6100000 0.2130988
26.0000000 0.6275000 0.2136706
26.0000000 0.6450000 0.2142565
26.0000000 0.6625000 0.2148561
26.0000000 0.6800000 0.2154692
26.0000000 0.6975000 0.2160954
26.0000000 0.7150000 0.2167344
26.0000000 0.7325000 0.2173860
26.0000000 0.7500000 0.2180497
26.1500000 0.0500000 0.2037708
26.1500000 0.0675000 0.2037619
26.1500000 0.0850000 0.2037748
26.1500000 0.1025000 0.2038092
26.1500000 0.1200000 0.2038650
26.1500000 0.1375000 0.2039419
26.1500000 0.1550000 0.2040397
26.1500000 0.1725000 0.2041581
26.1500000 0.1900000 0.2042971
26.1500000 0.2075000 0.2044563
26.1500000 0.2250000 0.2046355
26.1500000 0.2425000 0.2048345
26.1500000 0.2600000 0.2050531
26.1500000 0.2775000 0.2052911
26.1500000 0.2950000 0.2055482
26.1500000 0.3125000 0.2058243
26.1500000 0.3300000 0.2061190
26.1500000 0.3475000 0.2064321
26.1500000 0.3650000 0.2067635
26.1500000 0.3825000 0.2071129
26.1500000 0.4000000 0.2074801
26.1500000 0.4175000 0.2078647
26.1500000 0.4350000 0.2082667
26.1500000 0.4525000 0.2086856
26.1500000 0.4700000 0.2091214
26.1500000 0.4875000 0.2095737
26.1500000 0.5050000 0.2100423
26.1500000 0.5225000 0.2105269
26.1500000 0.5400000 0.2110272
26.1500000 0.5575000 0.2115431
26.1500000 0.5750000 0.2120741
26.1500000 0.5925000 0.2126201
26.1500000 0.6100000 0.2131807
26.1500000 0.6275000 0.2137558
26.1500000 0.6450000 0.2143448
26.1500000 0.6625000 0.2149477
26.1500000 0.6800000 0.2155640
26.1500000 0.6975000 0.2161935
26.1500000 0.7150000 0.2168358
26.1500000 0.7325000 0.2174906
26.1500000 0.7500000 0.2181577
26.3000000 0.0500000 0.2037696
26.3000000 0.0675000 0.2037626
26.3000000 0.0850000 0.2037774
26.3000000 0.1025000 0.2038138
26.3000000 0.1200000 0.2038716
26.3000000 0.1375000 0.2039506
26.3000000 0.1550000 0.2040505
26.3000000 0.1725000 0.2041712
26.3000000 0.1900000 0.2043124
26.3000000 0.2075000 0.2044739
26.3000000 0.2250000 0.2046555
26.3000000 0.2425000 0.2048569
26.3000000 0.2600000 0.2050780
26.3000000 0.2775000 0.2053185
26.3000000 0.2950000 0.2055781
26.3000000 0.3125000 0.2058567
26.3000000 0.3300000 0.2061541
26.3000000 0.3475000 0.2064699
26.3000000 0.3650000 0.2068040
26.3000000 0.3825000 0.2071562
26.3000000 0.4000000 0.2075261
26.3000000 0.4175000 0.2079136
26.3000000 0.4350000 0.2083184
26.3000000 0.4525000 0.2087403
26.3000000 0.4700000 0.2091790
26.3000000 0.4875000 0.2096343
26.3000000 0.5050000 0.2101058
26.3000000 0.5225000 0.2105935
26.3000000 0.5400000 0.2110969
26.3000000 0.5575000 0.2116158
26.3000000 0.5750000 0.2121500
26.3000000 0.5925000 0.2126991
26.3000000 0.6100000 0.2132629
26.3000000 0.6275000 0.2138411
26.3000000 0.6450000 0.2144334
26.3000000 0.6625000 0.2150395
26.3000000 0.6800000 0.2156591
26.3000000 0.6975000 0.2162918
26.3000000 0.7150000 0.2169374
26.3000000 0.7325000 0.2175955
26.3000000 0.7500000 0.2182659
26.4500000 0.0500000 0.2037688
26.4500000 0.0675000 0.2037636
26.4500000 0.0850000 0.2037804
26.4500000 0.1025000 0.2038188
26.4500000 0.1200000 0.2038786
26.4500000 0.1375000 0.2039597
26.4500000 0.1550000 0.2040618
26.4500000 0.1725000 0.2041847
26.4500000 0.1900000 0.2043281
26.4500000 0.2075000 0.2044919
26.4500000 0.2250000 0.2046759
26.4500000 0.2425000 0.2048797
26.4500000 0.2600000 0.2051032
26.4500000 0.2775000 0.2053462
26.4500000 0.2950000 0.2056084
26.4500000 0.3125000 0.2058896
26.4500000 0.3300000 0.2061896
26.4500000 0.3475000 0.2065081
26.4500000 0.3650000 0.2068449
26.4500000 0.3825000 0.2071998
26.4500000 0.4000000 0.2075726
26.4500000 0.4175000 0.2079629
26.4500000 0.4350000 0.2083705
26.4500000 0.4525000 0.2087953
26.4500000 0.4700000 0.2092370
26.4500000 0.4875000 0.2096952
26.4500000 0.5050000 0.2101698
26.4500000 0.5225000 0.2106604
26.4500000 0.5400000 0.2111669
26.4500000 0.5575000 0.2116889
26.4500000 0.5750000 0.2122262
26.4500000 0.5925000 0.2127784
26.4500000 0.6100000 0.2133454
26.4500000 0.6275000 0.2139268
26.4500000 0.6450000 0.2145223
26.4500000 0.6625000 0.2151316
26.4500000 0.6800000 0.2157544
26.4500000 0.6975000 0.2163903
26.4500000 0.7150000 0.2170392
26.4500000 0.7325000 0.2177006
26.4500000 0.7500000 0.2183743
26.6000000 0.0500000 0.2037684
26.6000000 0.0675000 0.2037651
26.6000000 0.0850000 0.2037838
26.6000000 0.1025000 0.2038242
26.6000000 0.1200000 0.2038860
26.6000000 0.1375000 0.2039692
26.6000000 0.1550000 0.2040735
26.6000000 0.1725000 0.2041986
26.6000000 0.1900000 0.2043443
26.6000000 0.2075000 0.2045104
26.6000000 0.2250000 0.2046967
26.6000000 0.2425000 0.2049029
26.6000000 0.2600000 0.2051289
26.6000000 0.2775000 0.2053744
26.6000000 0.2950000 0.2056391
26.6000000 0.3125000 0.2059229
26.6000000 0.3300000 0.2062255
26.6000000 0.3475000 0.2065467
26.6000000 0.3650000 0.2068862
26.6000000 0.3825000 0.2072439
26.6000000 0.4000000 0.2076194
26.6000000 0.4175000 0.2080125
26.6000000 0.4350000 0.2084230
26.6000000 0.4525000 0.2088507
26.6000000 0.4700000 0.2092953
26.6000000 0.4875000 0.2097565
26.6000000 0.5050000 0.2102340
26.6000000 0.5225000 0.2107277
26.6000000 0.5400000 0.2112372
26.6000000 0.5575000 0.2117623
26.6000000 0.5750000 0.2123027
26.6000000 0.5925000 0.2128580
26.6000000 0.6100000 0.2134282
26.6000000 0.6275000 0.2140127
26.6000000 0.6450000 0.2146114
26.6000000 0.6625000 0.2152239
26.6000000 0.6800000 0.2158499
26.6000000 0.6975000 0.2164891
26.6000000 0.7150000 0.2171412
26.6000000 0.7325000 0.2178059
26.6000000 0.7500000 0.2184828
26.7500000 0.0500000 0.2037685
26.7500000 0.0675000 0.2037670
26.7500000 0.0850000 0.2037876
26.7500000 0.1025000 0.2038300
26.7500000 0.1200000 0.2038939
26.7500000 0.1375000 0.2039792
26.7500000 0.1550000 0.2040856
26.7500000 0.1725000 0.2042129
26.7500000 0.1900000 0.2043608
26.7500000 0.2075000 0.2045293
26.7500000 0.2250000 0.2047179
26.7500000 0.2425000 0.2049265
26.7500000 0.2600000 0.2051550
26.7500000 0.2775000 0.2054029
26.7500000 0.2950000 0.2056702
26.7500000 0.3125000 0.2059566
26.7500000 0.3300000 0.2062618
26.7500000 0.3475000 0.2065857
26.7500000 0.3650000 0.2069279
26.7500000 0.3825000 0.2072883
26.7500000 0.4000000 0.2076666
26.7500000 0.4175000 0.2080625
26.7500000 0.4350000 0.2084759
26.7500000 0.4525000 0.2089065
26.7500000 0.4700000 0.2093539
26.7500000 0.4875000 0.2098181
26.7500000 0.5050000 0.2102986
26.7500000 0.5225000 0.2107953
26.7500000 0.5400000 0.2113078
26.7500000 0.5575000 0.2118360
26.7500000 0.5750000 0.2123794
26.7500000 0.5925000 0.2129379
26.7500000 0.6100000 0.2135112
26.7500000 0.6275000 0.2140989
26.7500000 0.6450000 0.2147007
26.7500000 0.6625000 0.2153164
26.7500000 0.6800000 0.2159456
26.7500000 0.6975000 0.2165881
26.7500000 0.7150000 0.2172434
26.7500000 0.7325000 0.2179113
26.7500000 0.7500000 0.2185915
26.9000000 0.0500000 0.2037689
26.9000000 0.0675000 0.2037694
26.9000000 0.0850000 0.2037919
26.9000000 0.1025000 0.2038362
26.9000000 0.1200000 0.2039022
26.9000000 0.1375000 0.2039895
26.9000000 0.1550000 0.2040981
26.9000000 0.1725000 0.2042276
26.9000000 0.1900000 0.2043778
26.9000000 0.2075000 0.2045485
26.9000000 0.2250000 0.2047395
26.9000000 0.2425000 0.2049506
26.9000000 0.2600000 0.2051815
26.9000000 0.2775000 0.2054319
26.9000000 0.2950000 0.2057017
26.9000000 0.3125000 0.2059907
26.9000000 0.3300000 0.2062985
26.9000000 0.3475000 0.2066250
26.9000000 0.3650000 0.2069700
26.9000000 0.3825000 0.2073331
26.9000000 0.4000000 0.2077142
26.9000000 0.4175000 0.2081129
26.9000000 0.4350000 0.2085291
26.9000000 0.4525000 0.2089626
26.9000000 0.4700000 0.2094129
26.9000000 0.4875000 0.2098800
26.9000000 0.5050000 0.2103635
26.9000000 0.5225000 0.2108632
26.9000000 0.5400000 0.2113788
26.9000000 0.5575000 0.2119100
26.9000000 0.5750000 0.2124565
26.9000000 0.5925000 0.2130181
26.9000000 0.6100000 0.2135945
26.9000000 0.6275000 0.2141853
26.9000000 0.6450000 0.2147903
26.9000000 0.6625000 0.2154092
26.9000000 0.6800000 0.2160416
26.9000000 0.6975000 0.2166872
26.9000000 0.7150000 0.2173458
26.9000000 0.7325000 0.2180170
26.9000000 0.7500000 0.2187004
27.0500000 0.0500000 0.2037698
27.0500000 0.0675000 0.2037721
27.0500000 0.0850000 0.2037965
27.0500000 0.1025000 0.2038428
27.0500000 0.1200000 0.2039108
27.0500000 0.1375000 0.2040003
27.0500000 0.1550000 0.2041110
27.0500000 0.1725000 0.2042427
27.0500000 0.1900000 0.2043952
27.0500000 0.2075000 0.2045682
27.0500000 0.2250000 0.2047616
27.0500000 0.2425000 0.2049750
27.0500000 0.2600000 0.2052083
27.0500000 0.2775000 0.2054613
27.0500000 0.2950000 0.2057337
27.0500000 0.3125000 0.2060252
27.0500000 0.3300000 0.2063356
27.0500000 0.3475000 0.2066648
27.0500000 0.3650000 0.2070124
27.0500000 0.3825000 0.2073783
27.0500000 0.4000000 0.2077621
27.0500000 0.4175000 0.2081637
27.0500000 0.4350000 0.2085827
27.0500000 0.4525000 0.2090190
27.0500000 0.4700000 0.2094723
27.0500000 0.4875000 0.2099423
27.0500000 0.5050000 0.2104288
27.0500000 0.5225000 0.2109314
27.0500000 0.5400000 0.2114500
27.0500000 0.5575000 0.2119843
27.0500000 0.5750000 0.2125339
27.0500000 0.5925000 0.2130985
27.0500000 0.6100000 0.2136780
27.0500000 0.6275000 0.2142720
27.0500000 0.6450000 0.2148801
27.0500000 0.6625000 0.2155022
27.0500000 0.6800000 0.2161378
27.0500000 0.6975000 0.2167866
27.0500000 0.7150000 0.2174484
27.0500000 0.7325000 0.2181228
27.0500000 0.7500000 0.2188094
27.2000000 0.0500000 0.2037710
27.2000000 0.0675000 0.2037752
27.2000000 0.0850000 0.2038016
27.2000000 0.1025000 0.2038499
27.2000000 0.1200000 0.2039199
27.2000000 0.1375000 0.2040115
27.2000000 0.1550000 0.2041243
27.2000000 0.1725000 0.2042583
27.2000000 0.1900000 0.2044130
27.2000000 0.2075000 0.2045883
27.2000000 0.2250000 0.2047840
27.2000000 0.2425000 0.2049999
27.2000000 0.2600000 0.2052356
27.2000000 0.2775000 0.2054911
27.2000000 0.2950000 0.2057660
27.2000000 0.3125000 0.2060601
27.2000000 0.3300000 0.2063731
27.2000000 0.3475000 0.2067049
27.2000000 0.3650000 0.2070552
27.2000000 0.3825000 0.2074238
27.2000000 0.4000000 0.2078104
27.2000000 0.4175000 0.2082148
27.2000000 0.4350000 0.2086367
27.2000000 0.4525000 0.2090758
27.2000000 0.4700000 0.2095320
27.2000000 0.4875000 0.2100049
27.2000000 0.5050000 0.2104943
27.2000000 0.5225000 0.2110000
27.2000000 0.5400000 0.2115216
27.2000000 0.5575000 0.2120588
27.2000000 0.5750000 0.2126115
27.2000000 0.5925000 0.2131793
27.2000000 0.6100000 0.2137618
27.2000000 0.6275000 0.2143589
27.2000000 0.6450000 0.2149702
27.2000000 0.6625000 0.2155954
27.2000000 0.6800000 0.2162342
27.2000000 0.6975000 0.2168862
27.2000000 0.7150000 0.2175512
27.2000000 0.7325000 0.2182288
27.2000000 0.7500000 0.2189186
27.3500000 0.0500000 0.2037727
27.3500000 0.0675000 0.2037787
27.3500000 0.0850000 0.2038070
27.3500000 0.1025000 0.2038573
27.3500000 0.1200000 0.2039294
27.3500000 0.1375000 0.2040231
27.3500000 0.1550000 0.2041381
27.3500000 0.1725000 0.2042742
27.3500000 0.1900000 0.2044312
27.3500000 0.2075000 0.2046088
27.3500000 0.2250000 0.2048069
27.3500000 0.2425000 0.2050251
27.3500000 0.2600000 0.2052633
27.3500000 0.2775000 0.2055212
27.3500000 0.2950000 0.2057987
27.3500000 0.3125000 0.2060953
27.3500000 0.3300000 0.2064110
27.3500000 0.3475000 0.2067455
27.3500000 0.3650000 0.2070984
27.3500000 0.3825000 0.2074697
27.3500000 0.4000000 0.2078591
27.3500000 0.4175000 0.2082662
27.3500000 0.4350000 0.2086909
27.3500000 0.4525000 0.2091330
27.3500000 0.4700000 0.2095920
27.3500000 0.4875000 0.2100679
27.3500000 0.5050000 0.2105602
27.3500000 0.5225000 0.2110688
27.3500000 0.5400000 0.2115934
27.3500000 0.5575000 0.2121337
27.3500000 0.5750000 0.2126894
27.3500000 0.5925000 0.2132603
27.3500000 0.6100000 0.2138459
27.3500000 0.6275000 0.2144461
27.3500000 0.6450000 0.2150605
27.3500000 0.6625000 0.2156889
27.3500000 0.6800000 0.2163308
27.3500000 0.6975000 0.2169860
27.3500000 0.7150000 0.2176541
27.3500000 0.7325000 0.2183349
27.3500000 0.7500000 0.2190280
27.5000000 0.0500000 0.2037747
27.5000000 0.0675000 0.2037826
27.5000000 0.0850000 0.2038128
27.5000000 0.1025000 0.2038651
27.5000000 0.1200000 0.2039393
27.5000000 0.1375000 0.2040351
27.5000000 0.1550000 0.2041522
27.5000000 0.1725000 0.2042905
27.5000000 0.1900000 0.2044498
27.5000000 0.2075000 0.2046297
27.5000000 0.2250000 0.2048301
27.5000000 0.2425000 0.2050508
27.5000000 0.2600000 0.2052914
27.5000000 0.2775000 0.2055518
27.5000000 0.2950000 0.2058317
27.5000000 0.3125000 0.2061310
27.5000000 0.3300000 0.2064492
27.5000000 0.3475000 0.2067863
27.5000000 0.3650000 0.2071420
27.5000000 0.3825000 0.2075160
27.5000000 0.4000000 0.2079081
27.5000000 0.4175000 0.2083181
27.5000000 0.4350000 0.2087456
27.5000000 0.4525000 0.2091904
27.5000000 0.4700000 0.2096524
27.5000000 0.4875000 0.2101311
27.5000000 0.5050000 0.2106264
27.5000000 0.5225000 0.2111380
27.5000000 0.5400000 0.2116656
27.5000000 0.5575000 0.2122089
27.5000000 0.5750000 0.2127676
27.5000000 0.5925000 0.2133415
27.5000000 0.6100000 0.2139302
27.5000000 0.6275000 0.2145335
27.5000000 0.6450000 0.2151511
27.5000000 0.6625000 0.2157825
27.5000000 0.6800000 0.2164276
27.5000000 0.6975000 0.2170860
27.5000000 0.7150000 0.2177573
27.5000000 0.7325000 0.2184412
27.5000000 0.7500000 0.2191375
27.6500000 0.0500000 0.2037771
27.6500000 0.0675000 0.2037869
27.6500000 0.0850000 0.2038191
27.6500000 0.1025000 0.2038734
27.6500000 0.1200000 0.2039496
27.6500000 0.1375000 0.2040474
27.6500000 0.1550000 0.2041668
27.6500000 0.1725000 0.2043073
27.6500000 0.1900000 0.2044688
27.6500000 0.2075000 0.2046510
27.6500000 0.2250000 0.2048538
27.6500000 0.2425000 0.2050768
27.6500000 0.2600000 0.2053199
27.6500000 0.2775000 0.2055828
27.6500000 0.2950000 0.2058652
27.6500000 0.3125000 0.2061670
27.6500000 0.3300000 0.2064879
27.6500000 0.3475000 0.2068276
27.6500000 0.3650000 0.2071860
27.6500000 0.3825000 0.2075627
27.6500000 0.4000000 0.2079575
27.6500000 0.4175000 0.2083702
27.6500000 0.4350000 0.2088006
27.6500000 0.4525000 0.2092483
27.6500000 0.4700000 0.2097131
27.6500000 0.4875000 0.2101947
27.6500000 0.5050000 0.2106929
27.6500000 0.5225000 0.2112075
27.6500000 0.5400000 0.2117380
27.6500000 0.5575000 0.2122843
27.6500000 0.5750000 0.2128461
27.6500000 0.5925000 0.2134230
27.6500000 0.6100000 0.2140148
27.6500000 0.6275000 0.2146212
27.6500000 0.6450000 0.2152418
27.6500000 0.6625000 0.2158764
27.6500000 0.6800000 0.2165246
27.6500000 0.6975000 0.2171861
27.6500000 0.7150000 0.2178606
27.6500000 0.7325000 0.2185477
27.6500000 0.7500000 0.2192471
27.8000000 0.0500000 0.2037799
27.8000000 0.0675000 0.2037916
27.8000000 0.0850000 0.2038257
27.8000000 0.1025000 0.2038820
27.8000000 0.1200000 0.2039602
27.8000000 0.1375000 0.2040602
27.8000000 0.1550000 0.2041817
27.8000000 0.1725000 0.2043244
27.8000000 0.1900000 0.2044882
27.8000000 0.2075000 0.2046727
27.8000000 0.2250000 0.2048778
27.8000000 0.2425000 0.2051032
27.8000000 0.2600000 0.2053487
27.8000000 0.2775000 0.2056141
27.8000000 0.2950000 0.2058991
27.8000000 0.3125000 0.2062034
27.8000000 0.3300000 0.2065269
27.8000000 0.3475000 0.2068692
27.8000000 0.3650000 0.2072303
27.8000000 0.3825000 0.2076097
27.8000000 0.4000000 0.2080073
27.8000000 0.4175000 0.2084227
27.8000000 0.4350000 0.2088559
27.8000000 0.4525000 0.2093064
27.8000000 0.4700000 0.2097741
27.8000000 0.4875000 0.2102586
27.8000000 0.5050000 0.2107598
27.8000000 0.5225000 0.2112772
27.8000000 0.5400000 0.2118108
27.8000000 0.5575000 0.2123601
27.8000000 0.5750000 0.2129248
27.8000000 0.5925000 0.2135048
27.8000000 0.6100000 0.2140997
27.8000000 0.6275000 0.2147091
27.8000000 0.6450000 0.2153328
27.8000000 0.6625000 0.2159705
27.8000000 0.6800000 0.2166219
27.8000000 0.6975000 0.2172865
27.8000000 0.7150000 0.2179641
27.8000000 0.7325000 0.2186544
27.8000000 0.7500000 0.2193570
27.9500000 0.0500000 0.2037831
27.9500000 0.0675000 0.2037966
27.9500000 0.0850000 0.2038327
27.9500000 0.1025000 0.2038910
27.9500000 0.1200000 0.2039713
27.9500000 0.1375000 0.2040734
27.9500000 0.1550000 0.2041970
27.9500000 0.1725000 0.2043419
27.9500000 0.1900000 0.2045079
27.9500000 0.2075000 0.2046948
27.9500000 0.2250000 0.2049022
27.9500000 0.2425000 0.2051300
27.9500000 0.2600000 0.2053780
27.9500000 0.2775000 0.2056458
27.9500000 0.2950000 0.2059333
27.9500000 0.3125000 0.2062402
27.9500000 0.3300000 0.2065662
27.9500000 0.3475000 0.2069112
27.9500000 0.3650000 0.2072749
27.9500000 0.3825000 0.2076570
27.9500000 0.4000000 0.2080573
27.9500000 0.4175000 0.2084756
27.9500000 0.4350000 0.2089115
27.9500000 0.4525000 0.2093649
27.9500000 0.4700000 0.2098354
27.9500000 0.4875000 0.2103228
27.9500000 0.5050000 0.2108269
27.9500000 0.5225000 0.2113473
27.9500000 0.5400000 0.2118838
27.9500000 0.5575000 0.2124361
27.9500000 0.5750000 0.2130038
27.9500000 0.5925000 0.2135868
27.9500000 0.6100000 0.2141847
27.9500000 0.6275000 0.2147973
27.9500000 0.6450000 0.2154241
27.9500000 0.6625000 0.2160648
27.9500000 0.6800000 0.2167193
27.9500000 0.6975000 0.2173870
27.9500000 0.7150000 0.2180678
27.9500000 0.7325000 0.2187612
27.9500000 0.7500000 0.2194669
28.1000000 0.0500000 0.2037866
28.1000000 0.0675000 0.2038021
28.1000000 0.0850000 0.2038401
28.1000000 0.1025000 0.2039004
28.1000000 0.1200000 0.2039827
28.1000000 0.1375000 0.2040869
28.1000000 0.1550000 0.2042127
28.1000000 0.1725000 0.2043598
28.1000000 0.1900000 0.2045281
28.1000000 0.2075000 0.2047172
28.1000000 0.2250000 0.2049270
28.1000000 0.2425000 0.2051572
28.1000000 0.2600000 0.2054076
28.1000000 0.2775000 0.2056779
28.1000000 0.2950000 0.2059679
28.1000000 0.3125000 0.2062773
28.1000000 0.3300000 0.2066060
28.1000000 0.3475000 0.2069536
28.1000000 0.3650000 0.2073199
28.1000000 0.3825000 0.2077047
28.1000000 0.4000000 0.2081078
28.1000000 0.4175000 0.2085288
28.1000000 0.4350000 0.2089675
28.1000000 0.4525000 0.2094237
28.1000000 0.4700000 0.2098970
28.1000000 0.4875000 0.2103873
28.1000000 0.5050000 0.2108943
28.1000000 0.5225000 0.2114176
28.1000000 0.5400000 0.2119571
28.1000000 0.5575000 0.2125123
28.1000000 0.5750000 0.2130831
28.1000000 0.5925000 0.2136691
28.1000000 0.6100000 0.2142701
28.1000000 0.6275000 0.2148856
28.1000000 0.6450000 0.2155155
28.1000000 0.6625000 0.2161594
28.1000000 0.6800000 0.2168169
28.1000000 0.6975000 0.2174878
28.1000000 0.7150000 0.2181716
28.1000000 0.7325000 0.2188682
28.1000000 0.7500000 0.2195770
28.2500000 0.0500000 0.2037906
28.2500000 0.0675000 0.2038079
28.2500000 0.0850000 0.2038478
28.2500000 0.1025000 0.2039101
28.2500000 0.1200000 0.2039945
28.2500000 0.1375000 0.2041008
28.2500000 0.1550000 0.2042288
28.2500000 0.1725000 0.2043781
28.2500000 0.1900000 0.2045486
28.2500000 0.2075000 0.2047400
28.2500000 0.2250000 0.2049522
28.2500000 0.2425000 0.2051848
28.2500000 0.2600000 0.2054376
28.2500000 0.2775000 0.2057103
28.2500000 0.2950000 0.2060028
28.2500000 0.3125000 0.2063148
28.2500000 0.3300000 0.2066461
28.2500000 0.3475000 0.2069963
28.2500000 0.3650000 0.2073653
28.2500000 0.3825000 0.2077528
28.2500000 0.4000000 0.2081585
28.2500000 0.4175000 0.2085823
28.2500000 0.4350000 0.2090238
28.2500000 0.4525000 0.2094828
28.2500000 0.4700000 0.2099590
28.2500000 0.4875000 0.2104522
28.2500000 0.5050000 0.2109620
28.2500000 0.5225000 0.2114883
28.2500000 0.5400000 0.2120307
28.2500000 0.5575000 0.2125889
28.2500000 0.5750000 0.2131626
28.2500000 0.5925000 0.2137517
28.2500000 0.6100000 0.2143556
28.2500000 0.6275000 0.2149742
28.2500000 0.6450000 0.2156072
28.2500000 0.6625000 0.2162541
28.2500000 0.6800000 0.2169147
28.2500000 0.6975000 0.2175887
28.2500000 0.7150000 0.2182756
28.2500000 0.7325000 0.2189753
28.2500000 0.7500000 0.2196873
28.4000000 0.0500000 0.2037948
28.4000000 0.0675000 0.2038141
28.4000000 0.0850000 0.2038560
28.4000000 0.1025000 0.2039203
28.4000000 0.1200000 0.2040067
28.4000000 0.1375000 0.2041151
28.4000000 0.1550000 0.2042452
28.4000000 0.1725000 0.2043968
28.4000000 0.1900000 0.2045695
28.4000000 0.2075000 0.2047633
28.4000000 0.2250000 0.2049777
28.4000000 0.2425000 0.2052127
28.4000000 0.2600000 0.2054679
28.4000000 0.2775000 0.2057432
28.4000000 0.2950000 0.2060382
28.4000000 0.3125000 0.2063527
28.4000000 0.3300000 0.2066865
28.4000000 0.3475000 0.2070394
28.4000000 0.3650000 0.2074110
28.4000000 0.3825000 0.2078012
28.4000000 0.4000000 0.2082097
28.4000000 0.4175000 0.2086362
28.4000000 0.4350000 0.2090804
28.4000000 0.4525000 0.2095422
28.4000000 0.4700000 0.2100213
28.4000000 0.4875000 0.2105173
28.4000000 0.5050000 0.2110300
28.4000000 0.5225000 0.2115592
28.4000000 0.5400000 0.2121045
28.4000000 0.5575000 0.2126657
28.4000000 0.5750000 0.2132424
28.4000000 0.5925000 0.2138344
28.4000000 0.6100000 0.2144414
28.4000000 0.6275000 0.2150631
28.4000000 0.6450000 0.2156990
28.4000000 0.6625000 0.2163490
28.4000000 0.6800000 0.2170127
28.4000000 0.6975000 0.2176898
28.4000000 0.7150000 0.2183798
28.4000000 0.7325000 0.2190826
28.4000000 0.7500000 0.2197976
28.5500000 0.0500000 0.2037995
28.5500000 0.0675000 0.2038206
28.5500000 0.0850000 0.2038645
28.5500000 0.1025000 0.2039308
28.5500000 0.1200000 0.2040193
28.5500000 0.1375000 0.2041298
28.5500000 0.1550000 0.2042620
28.5500000 0.1725000 0.2044158
28.5500000 0.1900000 0.2045908
28.5500000 0.2075000 0.2047868
28.5500000 0.2250000 0.2050036
28.5500000 0.2425000 0.2052410
28.5500000 0.2600000 0.2054986
28.5500000 0.2775000 0.2057763
28.5500000 0.2950000 0.2060739
28.5500000 0.3125000 0.2063909
28.5500000 0.3300000 0.2067273
28.5500000 0.3475000 0.2070828
28.5500000 0.3650000 0.2074571
28.5500000 0.3825000 0.2078499
28.5500000 0.4000000 0.2082611
28.5500000 0.4175000 0.2086903
28.5500000 0.4350000 0.2091374
28.5500000 0.4525000 0.2096020
28.5500000 0.4700000 0.2100839
28.5500000 0.4875000 0.2105827
28.5500000 0.5050000 0.2110983
28.5500000 0.5225000 0.2116304
28.5500000 0.5400000 0.2121786
28.5500000 0.5575000 0.2127428
28.5500000 0.5750000 0.2133225
28.5500000 0.5925000 0.2139175
28.5500000 0.6100000 0.2145275
28.5500000 0.6275000 0.2151521
28.5500000 0.6450000 0.2157911
28.5500000 0.6625000 0.2164442
28.5500000 0.6800000 0.2171109
28.5500000 0.6975000 0.2177910
28.5500000 0.7150000 0.2184842
28.5500000 0.7325000 0.2191900
28.5500000 0.7500000 0.2199081
28.7000000 0.0500000 0.2038045
28.7000000 0.0675000 0.2038275
28.7000000 0.0850000 0.2038733
28.7000000 0.1025000 0.2039416
28.7000000 0.1200000 0.2040322
28.7000000 0.1375000 0.2041448
28.7000000 0.1550000 0.2042792
28.7000000 0.1725000 0.2044352
28.7000000 0.1900000 0.2046124
28.7000000 0.2075000 0.2048108
28.7000000 0.2250000 0.2050299
28.7000000 0.2425000 0.2052697
28.7000000 0.2600000 0.2055297
28.7000000 0.2775000 0.2058099
28.7000000 0.2950000 0.2061099
28.7000000 0.3125000 0.2064295
28.7000000 0.3300000 0.2067685
28.7000000 0.3475000 0.2071265
28.7000000 0.3650000 0.2075035
28.7000000 0.3825000 0.2078990
28.7000000 0.4000000 0.2083129
28.7000000 0.4175000 0.2087449
28.7000000 0.4350000 0.2091947
28.7000000 0.4525000 0.2096620
28.7000000 0.4700000 0.2101467
28.7000000 0.4875000 0.2106485
28.7000000 0.5050000 0.2111669
28.7000000 0.5225000 0.2117019
28.7000000 0.5400000 0.2122531
28.7000000 0.5575000 0.2128201
28.7000000 0.5750000 0.2134028
28.7000000 0.5925000 0.2140007
28.7000000 0.6100000 0.2146137
28.7000000 0.6275000 0.2152414
28.7000000 0.6450000 0.2158834
28.7000000 0.6625000 0.2165395
28.7000000 0.6800000 0.2172093
28.7000000 0.6975000 0.2178924
28.7000000 0.7150000 0.2185887
28.7000000 0.7325000 0.2192976
28.7000000 0.7500000 0.2200188
28.8500000 0.0500000 0.2038099
28.8500000 0.0675000 0.2038348
28.8500000 0.0850000 0.2038826
28.8500000 0.1025000 0.2039529
28.8500000 0.1200000 0.2040455
28.8500000 0.1375000 0.2041602
28.8500000 0.1550000 0.2042968
28.8500000 0.1725000 0.2044550
28.8500000 0.1900000 0.2046345
28.8500000 0.2075000 0.2048351
28.8500000 0.2250000 0.2050566
28.8500000 0.2425000 0.2052987
28.8500000 0.2600000 0.2055612
28.8500000 0.2775000 0.2058438
28.8500000 0.2950000 0.2061463
28.8500000 0.3125000 0.2064684
28.8500000 0.3300000 0.2068100
28.8500000 0.3475000 0.2071706
28.8500000 0.3650000 0.2075502
28.8500000 0.3825000 0.2079484
28.8500000 0.4000000 0.2083650
28.8500000 0.4175000 0.2087997
28.8500000 0.4350000 0.2092523
28.8500000 0.4525000 0.2097224
28.8500000 0.4700000 0.2102099
28.8500000 0.4875000 0.2107145
28.8500000 0.5050000 0.2112358
28.8500000 0.5225000 0.2117737
28.8500000 0.5400000 0.2123277
28.8500000 0.5575000 0.2128977
28.8500000 0.5750000 0.2134833
28.8500000 0.5925000 0.2140843
28.8500000 0.6100000 0.2147002
28.8500000 0.6275000 0.2153309
28.8500000 0.6450000 0.2159759
28.8500000 0.6625000 0.2166350
28.8500000 0.6800000 0.2173078
28.8500000 0.6975000 0.2179940
28.8500000 0.7150000 0.2186933
28.8500000 0.7325000 0.2194053
28.8500000 0.7500000 0.2201296
29.0000000 0.0500000 0.2038156
29.0000000 0.0675000 0.2038425
29.0000000 0.0850000 0.2038921
29.0000000 0.1025000 0.2039645
29.0000000 0.1200000 0.2040592
29.0000000 0.1375000 0.2041760
29.0000000 0.1550000 0.2043147
29.0000000 0.1725000 0.2044751
29.0000000 0.1900000 0.2046569
29.0000000 0.2075000 0.2048598
29.0000000 0.2250000 0.2050836
29.0000000 0.2425000 0.2053281
29.0000000 0.2600000 0.2055930
29.0000000 0.2775000 0.2058781
29.0000000 0.2950000 0.2061831
29.0000000 0.3125000 0.2065077
29.0000000 0.3300000 0.2068518
29.0000000 0.3475000 0.2072151
29.0000000 0.3650000 0.2075973
29.0000000 0.3825000 0.2079981
29.0000000 0.4000000 0.2084174
29.0000000 0.4175000 0.2088548
29.0000000 0.4350000 0.2093102
29.0000000 0.4525000 0.2097831
29.0000000 0.4700000 0.2102734
29.0000000 0.4875000 0.2107808
29.0000000 0.5050000 0.2113050
29.0000000 0.5225000 0.2118457
29.0000000 0.5400000 0.2124027
29.0000000 0.5575000 0.2129756
29.0000000 0.5750000 0.2135641
29.0000000 0.5925000 0.2141680
29.0000000 0.6100000 0.2147869
29.0000000 0.6275000 0.2154206
29.0000000 0.6450000 0.2160686
29.0000000 0.6625000 0.2167307
29.0000000 0.6800000 0.2174066
29.0000000 0.6975000 0.2180958
29.0000000 0.7150000 0.2187981
29.0000000 0.7325000 0.2195131
29.0000000 0.7500000 0.2202405
