25.0000000 0.0580000 0.2037810
25.0000000 0.0740500 0.2037680
25.0000000 0.0901000 0.2037729
25.0000000 0.1061500 0.2037954
25.0000000 0.1222000 0.2038355
25.0000000 0.1382500 0.2038929
25.0000000 0.1543000 0.2039676
25.0000000 0.1703500 0.2040592
25.0000000 0.1864000 0.2041678
25.0000000 0.2024500 0.2042930
25.0000000 0.2185000 0.2044349
25.0000000 0.2345500 0.2045931
25.0000000 0.2506000 0.2047676
25.0000000 0.2666500 0.2049581
25.0000000 0.2827000 0.2051645
25.0000000 0.2987500 0.2053867
25.0000000 0.3148000 0.2056244
25.0000000 0.3308500 0.2058776
25.0000000 0.3469000 0.2061460
25.0000000 0.3629500 0.2064294
25.0000000 0.3790000 0.2067277
25.0000000 0.3950500 0.2070408
25.0000000 0.4111000 0.2073684
25.0000000 0.4271500 0.2077103
25.0000000 0.4432000 0.2080664
25.0000000 0.4592500 0.2084365
25.0000000 0.4753000 0.2088204
25.0000000 0.4913500 0.2092180
25.0000000 0.5074000 0.2096289
25.0000000 0.5234500 0.2100532
25.0000000 0.5395000 0.2104904
25.0000000 0.5555500 0.2109405
25.0000000 0.5716000 0.2114032
25.0000000 0.5876500 0.2118784
25.0000000 0.6037000 0.2123658
25.0000000 0.6197500 0.2128652
25.0000000 0.6358000 0.2133764
25.0000000 0.6518500 0.2138992
25.0000000 0.6679000 0.2144333
25.0000000 0.6839500 0.2149785
25.0500000 0.0580000 0.2037797
25.0500000 0.0740500 0.2037673
25.0500000 0.0901000 0.2037728
25.0500000 0.1061500 0.2037959
25.0500000 0.1222000 0.2038366
25.0500000 0.1382500 0.2038947
25.0500000 0.1543000 0.2039700
25.0500000 0.1703500 0.2040623
25.0500000 0.1864000 0.2041715
25.0500000 0.2024500 0.2042975
25.0500000 0.2185000 0.2044401
25.0500000 0.2345500 0.2045990
25.0500000 0.2506000 0.2047742
25.0500000 0.2666500 0.2049655
25.0500000 0.2827000 0.2051727
25.0500000 0.2987500 0.2053957
25.0500000 0.3148000 0.2056342
25.0500000 0.3308500 0.2058882
25.0500000 0.3469000 0.2061574
25.0500000 0.3629500 0.2064417
25.0500000 0.3790000 0.2067409
25.0500000 0.3950500 0.2070548
25.0500000 0.4111000 0.2073832
25.0500000 0.4271500 0.2077261
25.0500000 0.4432000 0.2080831
25.0500000 0.4592500 0.2084541
25.0500000 0.4753000 0.2088389
25.0500000 0.4913500 0.2092374
25.0500000 0.5074000 0.2096493
25.0500000 0.5234500 0.2100745
25.0500000 0.5395000 0.2105127
25.0500000 0.5555500 0.2109638
25.0500000 0.5716000 0.2114275
25.0500000 0.5876500 0.2119036
25.0500000 0.6037000 0.2123920
25.0500000 0.6197500 0.2128924
25.0500000 0.6358000 0.2134046
25.0500000 0.6518500 0.2139284
25.0500000 0.6679000 0.2144635
25.0500000 0.6839500 0.2150098
25.1000000 0.0580000 0.2037785
25.1000000 0.0740500 0.2037666
25.1000000 0.0901000 0.2037727
25.1000000 0.1061500 0.2037964
25.1000000 0.1222000 0.2038378
25.1000000 0.1382500 0.2038965
25.1000000 0.1543000 0.2039724
25.1000000 0.1703500 0.2040654
25.1000000 0.1864000 0.2041753
25.1000000 0.2024500 0.2043020
25.1000000 0.2185000 0.2044453
25.1000000 0.2345500 0.2046050
25.1000000 0.2506000 0.2047809
25.1000000 0.2666500 0.2049730
25.1000000 0.2827000 0.2051810
25.1000000 0.2987500 0.2054047
25.1000000 0.3148000 0.2056441
25.1000000 0.3308500 0.2058989
25.1000000 0.3469000 0.2061689
25.1000000 0.3629500 0.2064540
25.1000000 0.3790000 0.2067540
25.1000000 0.3950500 0.2070688
25.1000000 0.4111000 0.2073982
25.1000000 0.4271500 0.2077419
25.1000000 0.4432000 0.2080998
25.1000000 0.4592500 0.2084717
25.1000000 0.4753000 0.2088575
25.1000000 0.4913500 0.2092569
25.1000000 0.5074000 0.2096697
25.1000000 0.5234500 0.2100958
25.1000000 0.5395000 0.2105350
25.1000000 0.5555500 0.2109870
25.1000000 0.5716000 0.2114517
25.1000000 0.5876500 0.2119289
25.1000000 0.6037000 0.2124182
25.1000000 0.6197500 0.2129196
25.1000000 0.6358000 0.2134328
25.1000000 0.6518500 0.2139576
25.1000000 0.6679000 0.2144938
25.1000000 0.6839500 0.2150411
25.1500000 0.0580000 0.2037773
25.1500000 0.0740500 0.2037660
25.1500000 0.0901000 0.2037727
25.1500000 0.1061500 0.2037970
25.1500000 0.1222000 0.2038390
25.1500000 0.1382500 0.2038983
25.1500000 0.1543000 0.2039749
25.1500000 0.1703500 0.2040686
25.1500000 0.1864000 0.2041792
25.1500000 0.2024500 0.2043066
25.1500000 0.2185000 0.2044506
25.1500000 0.2345500 0.2046110
25.1500000 0.2506000 0.2047877
25.1500000 0.2666500 0.2049805
25.1500000 0.2827000 0.2051893
25.1500000 0.2987500 0.2054138
25.1500000 0.3148000 0.2056540
25.1500000 0.3308500 0.2059096
25.1500000 0.3469000 0.2061804
25.1500000 0.3629500 0.2064664
25.1500000 0.3790000 0.2067673
25.1500000 0.3950500 0.2070829
25.1500000 0.4111000 0.2074131
25.1500000 0.4271500 0.2077577
25.1500000 0.4432000 0.2081165
25.1500000 0.4592500 0.2084894
25.1500000 0.4753000 0.2088761
25.1500000 0.4913500 0.2092764
25.1500000 0.5074000 0.2096902
25.1500000 0.5234500 0.2101172
25.1500000 0.5395000 0.2105574
25.1500000 0.5555500 0.2110104
25.1500000 0.5716000 0.2114760
25.1500000 0.5876500 0.2119541
25.1500000 0.6037000 0.2124445
25.1500000 0.6197500 0.2129469
25.1500000 0.6358000 0.2134611
25.1500000 0.6518500 0.2139869
25.1500000 0.6679000 0.2145241
25.1500000 0.6839500 0.2150724
25.2000000 0.0580000 0.2037762
25.2000000 0.0740500 0.2037655
25.2000000 0.0901000 0.2037727
25.2000000 0.1061500 0.2037977
25.2000000 0.1222000 0.2038402
25.2000000 0.1382500 0.2039002
25.2000000 0.1543000 0.2039774
25.2000000 0.1703500 0.2040718
25.2000000 0.1864000 0.2041831
25.2000000 0.2024500 0.2043112
25.2000000 0.2185000 0.2044559
25.2000000 0.2345500 0.2046171
25.2000000 0.2506000 0.2047945
25.2000000 0.2666500 0.2049881
25.2000000 0.2827000 0.2051976
25.2000000 0.2987500 0.2054230
25.2000000 0.3148000 0.2056639
25.2000000 0.3308500 0.2059203
25.2000000 0.3469000 0.2061920
25.2000000 0.3629500 0.2064788
25.2000000 0.3790000 0.2067806
25.2000000 0.3950500 0.2070971
25.2000000 0.4111000 0.2074281
25.2000000 0.4271500 0.2077736
25.2000000 0.4432000 0.2081333
25.2000000 0.4592500 0.2085071
25.2000000 0.4753000 0.2088947
25.2000000 0.4913500 0.2092960
25.2000000 0.5074000 0.2097107
25.2000000 0.5234500 0.2101387
25.2000000 0.5395000 0.2105798
25.2000000 0.5555500 0.2110337
25.2000000 0.5716000 0.2115004
25.2000000 0.5876500 0.2119795
25.2000000 0.6037000 0.2124708
25.2000000 0.6197500 0.2129742
25.2000000 0.6358000 0.2134894
25.2000000 0.6518500 0.2140163
25.2000000 0.6679000 0.2145545
25.2000000 0.6839500 0.2151038
25.2500000 0.0580000 0.2037751
25.2500000 0.0740500 0.2037650
25.2500000 0.0901000 0.2037728
25.2500000 0.1061500 0.2037983
25.2500000 0.1222000 0.2038415
25.2500000 0.1382500 0.2039021
25.2500000 0.1543000 0.2039800
25.2500000 0.1703500 0.2040751
25.2500000 0.1864000 0.2041871
25.2500000 0.2024500 0.2043158
25.2500000 0.2185000 0.2044613
25.2500000 0.2345500 0.2046232
25.2500000 0.2506000 0.2048014
25.2500000 0.2666500 0.2049957
25.2500000 0.2827000 0.2052060
25.2500000 0.2987500 0.2054321
25.2500000 0.3148000 0.2056739
25.2500000 0.3308500 0.2059311
25.2500000 0.3469000 0.2062036
25.2500000 0.3629500 0.2064913
25.2500000 0.3790000 0.2067939
25.2500000 0.3950500 0.2071112
25.2500000 0.4111000 0.2074432
25.2500000 0.4271500 0.2077896
25.2500000 0.4432000 0.2081502
25.2500000 0.4592500 0.2085248
25.2500000 0.4753000 0.2089134
25.2500000 0.4913500 0.2093156
25.2500000 0.5074000 0.2097312
25.2500000 0.5234500 0.2101602
25.2500000 0.5395000 0.2106022
25.2500000 0.5555500 0.2110571
25.2500000 0.5716000 0.2115248
25.2500000 0.5876500 0.2120048
25.2500000 0.6037000 0.2124972
25.2500000 0.6197500 0.2130016
25.2500000 0.6358000 0.2135178
25.2500000 0.6518500 0.2140456
25.2500000 0.6679000 0.2145848
25.2500000 0.6839500 0.2151352
25.3000000 0.0580000 0.2037740
25.3000000 0.0740500 0.2037645
25.3000000 0.0901000 0.2037729
25.3000000 0.1061500 0.2037991
25.3000000 0.1222000 0.2038429
25.3000000 0.1382500 0.2039041
25.3000000 0.1543000 0.2039827
25.3000000 0.1703500 0.2040784
25.3000000 0.1864000 0.2041911
25.3000000 0.2024500 0.2043206
25.3000000 0.2185000 0.2044667
25.3000000 0.2345500 0.2046293
25.3000000 0.2506000 0.2048083
25.3000000 0.2666500 0.2050034
25.3000000 0.2827000 0.2052145
25.3000000 0.2987500 0.2054414
25.3000000 0.3148000 0.2056839
25.3000000 0.3308500 0.2059420
25.3000000 0.3469000 0.2062153
25.3000000 0.3629500 0.2065038
25.3000000 0.3790000 0.2068072
25.3000000 0.3950500 0.2071255
25.3000000 0.4111000 0.2074583
25.3000000 0.4271500 0.2078056
25.3000000 0.4432000 0.2081671
25.3000000 0.4592500 0.2085426
25.3000000 0.4753000 0.2089321
25.3000000 0.4913500 0.2093352
25.3000000 0.5074000 0.2097518
25.3000000 0.5234500 0.2101817
25.3000000 0.5395000 0.2106247
25.3000000 0.5555500 0.2110806
25.3000000 0.5716000 0.2115492
25.3000000 0.5876500 0.2120302
25.3000000 0.6037000 0.2125236
25.3000000 0.6197500 0.2130289
25.3000000 0.6358000 0.2135462
25.3000000 0.6518500 0.2140750
25.3000000 0.6679000 0.2146152
25.3000000 0.6839500 0.2151666
25.3500000 0.0580000 0.2037731
25.3500000 0.0740500 0.2037641
25.3500000 0.0901000 0.2037731
25.3500000 0.1061500 0.2037999
25.3500000 0.1222000 0.2038443
25.3500000 0.1382500 0.2039062
25.3500000 0.1543000 0.2039854
25.3500000 0.1703500 0.2040818
25.3500000 0.1864000 0.2041951
25.3500000 0.2024500 0.2043253
25.3500000 0.2185000 0.2044722
25.3500000 0.2345500 0.2046355
25.3500000 0.2506000 0.2048152
25.3500000 0.2666500 0.2050111
25.3500000 0.2827000 0.2052230
25.3500000 0.2987500 0.2054507
25.3500000 0.3148000 0.2056940
25.3500000 0.3308500 0.2059529
25.3500000 0.3469000 0.2062270
25.3500000 0.3629500 0.2065164
25.3500000 0.3790000 0.2068207
25.3500000 0.3950500 0.2071398
25.3500000 0.4111000 0.2074735
25.3500000 0.4271500 0.2078216
25.3500000 0.4432000 0.2081840
25.3500000 0.4592500 0.2085605
25.3500000 0.4753000 0.2089508
25.3500000 0.4913500 0.2093549
25.3500000 0.5074000 0.2097724
25.3500000 0.5234500 0.2102033
25.3500000 0.5395000 0.2106472
25.3500000 0.5555500 0.2111041
25.3500000 0.5716000 0.2115736
25.3500000 0.5876500 0.2120557
25.3500000 0.6037000 0.2125500
25.3500000 0.6197500 0.2130564
25.3500000 0.6358000 0.2135746
25.3500000 0.6518500 0.2141044
25.3500000 0.6679000 0.2146457
25.3500000 0.6839500 0.2151981
25.4000000 0.0580000 0.2037721
25.4000000 0.0740500 0.2037637
25.4000000 0.0901000 0.2037733
25.4000000 0.1061500 0.2038007
25.4000000 0.1222000 0.2038457
25.4000000 0.1382500 0.2039083
25.4000000 0.1543000 0.2039881
25.4000000 0.1703500 0.2040852
25.4000000 0.1864000 0.2041992
25.4000000 0.2024500 0.2043301
25.4000000 0.2185000 0.2044777
25.4000000 0.2345500 0.2046418
25.4000000 0.2506000 0.2048222
25.4000000 0.2666500 0.2050189
25.4000000 0.2827000 0.2052315
25.4000000 0.2987500 0.2054600
25.4000000 0.3148000 0.2057042
25.4000000 0.3308500 0.2059638
25.4000000 0.3469000 0.2062388
25.4000000 0.3629500 0.2065290
25.4000000 0.3790000 0.2068341
25.4000000 0.3950500 0.2071541
25.4000000 0.4111000 0.2074887
25.4000000 0.4271500 0.2078377
25.4000000 0.4432000 0.2082010
25.4000000 0.4592500 0.2085784
25.4000000 0.4753000 0.2089696
25.4000000 0.4913500 0.2093746
25.4000000 0.5074000 0.2097931
25.4000000 0.5234500 0.2102249
25.4000000 0.5395000 0.2106698
25.4000000 0.5555500 0.2111276
25.4000000 0.5716000 0.2115981
25.4000000 0.5876500 0.2120811
25.4000000 0.6037000 0.2125764
25.4000000 0.6197500 0.2130838
25.4000000 0.6358000 0.2136030
25.4000000 0.6518500 0.2141339
25.4000000 0.6679000 0.2146761
25.4000000 0.6839500 0.2152295
25.4500000 0.0580000 0.2037713
25.4500000 0.0740500 0.2037634
25.4500000 0.0901000 0.2037736
25.4500000 0.1061500 0.2038016
25.4500000 0.1222000 0.2038472
25.4500000 0.1382500 0.2039104
25.4500000 0.1543000 0.2039909
25.4500000 0.1703500 0.2040887
25.4500000 0.1864000 0.2042034
25.4500000 0.2024500 0.2043350
25.4500000 0.2185000 0.2044833
25.4500000 0.2345500 0.2046481
25.4500000 0.2506000 0.2048293
25.4500000 0.2666500 0.2050267
25.4500000 0.2827000 0.2052401
25.4500000 0.2987500 0.2054694
25.4500000 0.3148000 0.2057143
25.4500000 0.3308500 0.2059748
25.4500000 0.3469000 0.2062506
25.4500000 0.3629500 0.2065416
25.4500000 0.3790000 0.2068476
25.4500000 0.3950500 0.2071685
25.4500000 0.4111000 0.2075039
25.4500000 0.4271500 0.2078538
25.4500000 0.4432000 0.2082180
25.4500000 0.4592500 0.2085963
25.4500000 0.4753000 0.2089885
25.4500000 0.4913500 0.2093944
25.4500000 0.5074000 0.2098138
25.4500000 0.5234500 0.2102465
25.4500000 0.5395000 0.2106924
25.4500000 0.5555500 0.2111511
25.4500000 0.5716000 0.2116226
25.4500000 0.5876500 0.2121066
25.4500000 0.6037000 0.2126029
25.4500000 0.6197500 0.2131113
25.4500000 0.6358000 0.2136315
25.4500000 0.6518500 0.2141633
25.4500000 0.6679000 0.2147066
25.4500000 0.6839500 0.2152610
25.5000000 0.0580000 0.2037704
25.5000000 0.0740500 0.2037632
25.5000000 0.0901000 0.2037739
25.5000000 0.1061500 0.2038025
25.5000000 0.1222000 0.2038488
25.5000000 0.1382500 0.2039126
25.5000000 0.1543000 0.2039938
25.5000000 0.1703500 0.2040922
25.5000000 0.1864000 0.2042076
25.5000000 0.2024500 0.2043399
25.5000000 0.2185000 0.2044889
25.5000000 0.2345500 0.2046545
25.5000000 0.2506000 0.2048364
25.5000000 0.2666500 0.2050346
25.5000000 0.2827000 0.2052487
25.5000000 0.2987500 0.2054788
25.5000000 0.3148000 0.2057246
25.5000000 0.3308500 0.2059859
25.5000000 0.3469000 0.2062625
25.5000000 0.3629500 0.2065544
25.5000000 0.3790000 0.2068612
25.5000000 0.3950500 0.2071829
25.5000000 0.4111000 0.2075192
25.5000000 0.4271500 0.2078700
25.5000000 0.4432000 0.2082351
25.5000000 0.4592500 0.2086143
25.5000000 0.4753000 0.2090074
25.5000000 0.4913500 0.2094142
25.5000000 0.5074000 0.2098345
25.5000000 0.5234500 0.2102682
25.5000000 0.5395000 0.2107150
25.5000000 0.5555500 0.2111747
25.5000000 0.5716000 0.2116472
25.5000000 0.5876500 0.2121322
25.5000000 0.6037000 0.2126294
25.5000000 0.6197500 0.2131388
25.5000000 0.6358000 0.2136600
25.5000000 0.6518500 0.2141928
25.5000000 0.6679000 0.2147371
25.5000000 0.6839500 0.2152926
25.5500000 0.0580000 0.2037696
25.5500000 0.0740500 0.2037629
25.5500000 0.0901000 0.2037743
25.5500000 0.1061500 0.2038035
25.5500000 0.1222000 0.2038504
25.5500000 0.1382500 0.2039149
25.5500000 0.1543000 0.2039967
25.5500000 0.1703500 0.2040958
25.5500000 0.1864000 0.2042119
25.5500000 0.2024500 0.2043449
25.5500000 0.2185000 0.2044946
25.5500000 0.2345500 0.2046609
25.5500000 0.2506000 0.2048436
25.5500000 0.2666500 0.2050425
25.5500000 0.2827000 0.2052574
25.5500000 0.2987500 0.2054883
25.5500000 0.3148000 0.2057349
25.5500000 0.3308500 0.2059970
25.5500000 0.3469000 0.2062744
25.5500000 0.3629500 0.2065671
25.5500000 0.3790000 0.2068748
25.5500000 0.3950500 0.2071973
25.5500000 0.4111000 0.2075345
25.5500000 0.4271500 0.2078862
25.5500000 0.4432000 0.2082522
25.5500000 0.4592500 0.2086323
25.5500000 0.4753000 0.2090263
25.5500000 0.4913500 0.2094340
25.5500000 0.5074000 0.2098553
25.5500000 0.5234500 0.2102899
25.5500000 0.5395000 0.2107377
25.5500000 0.5555500 0.2111984
25.5500000 0.5716000 0.2116718
25.5500000 0.5876500 0.2121577
25.5500000 0.6037000 0.2126560
25.5500000 0.6197500 0.2131663
25.5500000 0.6358000 0.2136885
25.5500000 0.6518500 0.2142224
25.5500000 0.6679000 0.2147677
25.5500000 0.6839500 0.2153241
25.6000000 0.0580000 0.2037689
25.6000000 0.0740500 0.2037628
25.6000000 0.0901000 0.2037747
25.6000000 0.1061500 0.2038045
25.6000000 0.1222000 0.2038521
25.6000000 0.1382500 0.2039172
25.6000000 0.1543000 0.2039997
25.6000000 0.1703500 0.2040994
25.6000000 0.1864000 0.2042162
25.6000000 0.2024500 0.2043499
25.6000000 0.2185000 0.2045003
25.6000000 0.2345500 0.2046674
25.6000000 0.2506000 0.2048508
25.6000000 0.2666500 0.2050505
25.6000000 0.2827000 0.2052662
25.6000000 0.2987500 0.2054978
25.6000000 0.3148000 0.2057452
25.6000000 0.3308500 0.2060081
25.6000000 0.3469000 0.2062864
25.6000000 0.3629500 0.2065799
25.6000000 0.3790000 0.2068885
25.6000000 0.3950500 0.2072118
25.6000000 0.4111000 0.2075499
25.6000000 0.4271500 0.2079025
25.6000000 0.4432000 0.2082693
25.6000000 0.4592500 0.2086503
25.6000000 0.4753000 0.2090453
25.6000000 0.4913500 0.2094539
25.6000000 0.5074000 0.2098761
25.6000000 0.5234500 0.2103117
25.6000000 0.5395000 0.2107604
25.6000000 0.5555500 0.2112220
25.6000000 0.5716000 0.2116964
25.6000000 0.5876500 0.2121833
25.6000000 0.6037000 0.2126826
25.6000000 0.6197500 0.2131939
25.6000000 0.6358000 0.2137171
25.6000000 0.6518500 0.2142520
25.6000000 0.6679000 0.2147982
25.6000000 0.6839500 0.2153557
25.6500000 0.0580000 0.2037682
25.6500000 0.0740500 0.2037627
25.6500000 0.0901000 0.2037752
25.6500000 0.1061500 0.2038056
25.6500000 0.1222000 0.2038538
25.6500000 0.1382500 0.2039195
25.6500000 0.1543000 0.2040027
25.6500000 0.1703500 0.2041031
25.6500000 0.1864000 0.2042205
25.6500000 0.2024500 0.2043550
25.6500000 0.2185000 0.2045061
25.6500000 0.2345500 0.2046739
25.6500000 0.2506000 0.2048580
25.6500000 0.2666500 0.2050585
25.6500000 0.2827000 0.2052750
25.6500000 0.2987500 0.2055074
25.6500000 0.3148000 0.2057556
25.6500000 0.3308500 0.2060193
25.6500000 0.3469000 0.2062984
25.6500000 0.3629500 0.2065928
25.6500000 0.3790000 0.2069022
25.6500000 0.3950500 0.2072264
25.6500000 0.4111000 0.2075653
25.6500000 0.4271500 0.2079188
25.6500000 0.4432000 0.2082865
25.6500000 0.4592500 0.2086684
25.6500000 0.4753000 0.2090643
25.6500000 0.4913500 0.2094739
25.6500000 0.5074000 0.2098970
25.6500000 0.5234500 0.2103335
25.6500000 0.5395000 0.2107831
25.6500000 0.5555500 0.2112458
25.6500000 0.5716000 0.2117211
25.6500000 0.5876500 0.2122090
25.6500000 0.6037000 0.2127092
25.6500000 0.6197500 0.2132215
25.6500000 0.6358000 0.2137457
25.6500000 0.6518500 0.2142816
25.6500000 0.6679000 0.2148288
25.6500000 0.6839500 0.2153873
25.7000000 0.0580000 0.2037676
25.7000000 0.0740500 0.2037626
25.7000000 0.0901000 0.2037757
25.7000000 0.1061500 0.2038067
25.7000000 0.1222000 0.2038555
25.7000000 0.1382500 0.2039219
25.7000000 0.1543000 0.2040057
25.7000000 0.1703500 0.2041068
25.7000000 0.1864000 0.2042250
25.7000000 0.2024500 0.2043601
25.7000000 0.2185000 0.2045120
25.7000000 0.2345500 0.2046804
25.7000000 0.2506000 0.2048654
25.7000000 0.2666500 0.2050665
25.7000000 0.2827000 0.2052838
25.7000000 0.2987500 0.2055170
25.7000000 0.3148000 0.2057660
25.7000000 0.3308500 0.2060305
25.7000000 0.3469000 0.2063105
25.7000000 0.3629500 0.2066057
25.7000000 0.3790000 0.2069159
25.7000000 0.3950500 0.2072410
25.7000000 0.4111000 0.2075808
25.7000000 0.4271500 0.2079351
25.7000000 0.4432000 0.2083038
25.7000000 0.4592500 0.2086866
25.7000000 0.4753000 0.2090833
25.7000000 0.4913500 0.2094938
25.7000000 0.5074000 0.2099179
25.7000000 0.5234500 0.2103553
25.7000000 0.5395000 0.2108059
25.7000000 0.5555500 0.2112695
25.7000000 0.5716000 0.2117458
25.7000000 0.5876500 0.2122347
25.7000000 0.6037000 0.2127359
25.7000000 0.6197500 0.2132492
25.7000000 0.6358000 0.2137743
25.7000000 0.6518500 0.2143112
25.7000000 0.6679000 0.2148595
25.7000000 0.6839500 0.2154190
25.7500000 0.0580000 0.2037670
25.7500000 0.0740500 0.2037626
25.7500000 0.0901000 0.2037763
25.7500000 0.1061500 0.2038079
25.7500000 0.1222000 0.2038573
25.7500000 0.1382500 0.2039243
25.7500000 0.1543000 0.2040088
25.7500000 0.1703500 0.2041106
25.7500000 0.1864000 0.2042294
25.7500000 0.2024500 0.2043652
25.7500000 0.2185000 0.2045178
25.7500000 0.2345500 0.2046870
25.7500000 0.2506000 0.2048727
25.7500000 0.2666500 0.2050747
25.7500000 0.2827000 0.2052927
25.7500000 0.2987500 0.2055267
25.7500000 0.3148000 0.2057765
25.7500000 0.3308500 0.2060418
25.7500000 0.3469000 0.2063226
25.7500000 0.3629500 0.2066186
25.7500000 0.3790000 0.2069297
25.7500000 0.3950500 0.2072557
25.7500000 0.4111000 0.2075963
25.7500000 0.4271500 0.2079515
25.7500000 0.4432000 0.2083211
25.7500000 0.4592500 0.2087048
25.7500000 0.4753000 0.2091024
25.7500000 0.4913500 0.2095138
25.7500000 0.5074000 0.2099388
25.7500000 0.5234500 0.2103772
25.7500000 0.5395000 0.2108288
25.7500000 0.5555500 0.2112933
25.7500000 0.5716000 0.2117706
25.7500000 0.5876500 0.2122604
25.7500000 0.6037000 0.2127625
25.7500000 0.6197500 0.2132768
25.7500000 0.6358000 0.2138030
25.7500000 0.6518500 0.2143408
25.7500000 0.6679000 0.2148901
25.7500000 0.6839500 0.2154506
25.8000000 0.0580000 0.2037664
25.8000000 0.0740500 0.2037626
25.8000000 0.0901000 0.2037769
25.8000000 0.1061500 0.2038091
25.8000000 0.1222000 0.2038592
25.8000000 0.1382500 0.2039268
25.8000000 0.1543000 0.2040120
25.8000000 0.1703500 0.2041144
25.8000000 0.1864000 0.2042339
25.8000000 0.2024500 0.2043704
25.8000000 0.2185000 0.2045238
25.8000000 0.2345500 0.2046937
25.8000000 0.2506000 0.2048801
25.8000000 0.2666500 0.2050828
25.8000000 0.2827000 0.2053016
25.8000000 0.2987500 0.2055364
25.8000000 0.3148000 0.2057870
25.8000000 0.3308500 0.2060531
25.8000000 0.3469000 0.2063347
25.8000000 0.3629500 0.2066316
25.8000000 0.3790000 0.2069435
25.8000000 0.3950500 0.2072703
25.8000000 0.4111000 0.2076119
25.8000000 0.4271500 0.2079680
25.8000000 0.4432000 0.2083384
25.8000000 0.4592500 0.2087230
25.8000000 0.4753000 0.2091216
25.8000000 0.4913500 0.2095339
25.8000000 0.5074000 0.2099598
25.8000000 0.5234500 0.2103991
25.8000000 0.5395000 0.2108516
25.8000000 0.5555500 0.2113171
25.8000000 0.5716000 0.2117953
25.8000000 0.5876500 0.2122861
25.8000000 0.6037000 0.2127893
25.8000000 0.6197500 0.2133045
25.8000000 0.6358000 0.2138317
25.8000000 0.6518500 0.2143705
25.8000000 0.6679000 0.2149208
25.8000000 0.6839500 0.2154823
25.8500000 0.0580000 0.2037660
25.8500000 0.0740500 0.2037627
25.8500000 0.0901000 0.2037776
25.8500000 0.1061500 0.2038104
25.8500000 0.1222000 0.2038611
25.8500000 0.1382500 0.2039294
25.8500000 0.1543000 0.2040152
25.8500000 0.1703500 0.2041182
25.8500000 0.1864000 0.2042385
25.8500000 0.2024500 0.2043757
25.8500000 0.2185000 0.2045297
25.8500000 0.2345500 0.2047004
25.8500000 0.2506000 0.2048876
25.8500000 0.2666500 0.2050910
25.8500000 0.2827000 0.2053106
25.8500000 0.2987500 0.2055462
25.8500000 0.3148000 0.2057975
25.8500000 0.3308500 0.2060645
25.8500000 0.3469000 0.2063469
25.8500000 0.3629500 0.2066446
25.8500000 0.3790000 0.2069574
25.8500000 0.3950500 0.2072851
25.8500000 0.4111000 0.2076275
25.8500000 0.4271500 0.2079844
25.8500000 0.4432000 0.2083558
25.8500000 0.4592500 0.2087413
25.8500000 0.4753000 0.2091407
25.8500000 0.4913500 0.2095540
25.8500000 0.5074000 0.2099808
25.8500000 0.5234500 0.2104211
25.8500000 0.5395000 0.2108745
25.8500000 0.5555500 0.2113409
25.8500000 0.5716000 0.2118201
25.8500000 0.5876500 0.2123119
25.8500000 0.6037000 0.2128160
25.8500000 0.6197500 0.2133323
25.8500000 0.6358000 0.2138604
25.8500000 0.6518500 0.2144003
25.8500000 0.6679000 0.2149515
25.8500000 0.6839500 0.2155141
25.9000000 0.0580000 0.2037655
25.9000000 0.0740500 0.2037628
25.9000000 0.0901000 0.2037783
25.9000000 0.1061500 0.2038117
25.9000000 0.1222000 0.2038630
25.9000000 0.1382500 0.2039320
25.9000000 0.1543000 0.2040184
25.9000000 0.1703500 0.2041222
25.9000000 0.1864000 0.2042431
25.9000000 0.2024500 0.2043810
25.9000000 0.2185000 0.2045358
25.9000000 0.2345500 0.2047072
25.9000000 0.2506000 0.2048951
25.9000000 0.2666500 0.2050993
25.9000000 0.2827000 0.2053197
25.9000000 0.2987500 0.2055560
25.9000000 0.3148000 0.2058082
25.9000000 0.3308500 0.2060759
25.9000000 0.3469000 0.2063592
25.9000000 0.3629500 0.2066577
25.9000000 0.3790000 0.2069713
25.9000000 0.3950500 0.2072999
25.9000000 0.4111000 0.2076431
25.9000000 0.4271500 0.2080010
25.9000000 0.4432000 0.2083732
25.9000000 0.4592500 0.2087596
25.9000000 0.4753000 0.2091599
25.9000000 0.4913500 0.2095741
25.9000000 0.5074000 0.2100019
25.9000000 0.5234500 0.2104431
25.9000000 0.5395000 0.2108975
25.9000000 0.5555500 0.2113648
25.9000000 0.5716000 0.2118450
25.9000000 0.5876500 0.2123377
25.9000000 0.6037000 0.2128428
25.9000000 0.6197500 0.2133600
25.9000000 0.6358000 0.2138892
25.9000000 0.6518500 0.2144300
25.9000000 0.6679000 0.2149823
25.9000000 0.6839500 0.2155458
25.9500000 0.0580000 0.2037651
25.9500000 0.0740500 0.2037630
25.9500000 0.0901000 0.2037791
25.9500000 0.1061500 0.2038131
25.9500000 0.1222000 0.2038650
25.9500000 0.1382500 0.2039346
25.9500000 0.1543000 0.2040217
25.9500000 0.1703500 0.2041261
25.9500000 0.1864000 0.2042477
25.9500000 0.2024500 0.2043864
25.9500000 0.2185000 0.2045418
25.9500000 0.2345500 0.2047140
25.9500000 0.2506000 0.2049026
25.9500000 0.2666500 0.2051076
25.9500000 0.2827000 0.2053287
25.9500000 0.2987500 0.2055659
25.9500000 0.3148000 0.2058188
25.9500000 0.3308500 0.2060874
25.9500000 0.3469000 0.2063715
25.9500000 0.3629500 0.2066708
25.9500000 0.3790000 0.2069853
25.9500000 0.3950500 0.2073147
25.9500000 0.4111000 0.2076588
25.9500000 0.4271500 0.2080175
25.9500000 0.4432000 0.2083906
25.9500000 0.4592500 0.2087779
25.9500000 0.4753000 0.2091792
25.9500000 0.4913500 0.2095943
25.9500000 0.5074000 0.2100230
25.9500000 0.5234500 0.2104651
25.9500000 0.5395000 0.2109204
25.9500000 0.5555500 0.2113888
25.9500000 0.5716000 0.2118699
25.9500000 0.5876500 0.2123636
25.9500000 0.6037000 0.2128696
25.9500000 0.6197500 0.2133878
25.9500000 0.6358000 0.2139180
25.9500000 0.6518500 0.2144598
25.9500000 0.6679000 0.2150131
25.9500000 0.6839500 0.2155776
26.0000000 0.0580000 0.2037648
26.0000000 0.0740500 0.2037632
26.0000000 0.0901000 0.2037799
26.0000000 0.1061500 0.2038145
26.0000000 0.1222000 0.2038671
26.0000000 0.1382500 0.2039373
26.0000000 0.1543000 0.2040250
26.0000000 0.1703500 0.2041301
26.0000000 0.1864000 0.2042525
26.0000000 0.2024500 0.2043918
26.0000000 0.2185000 0.2045480
26.0000000 0.2345500 0.2047208
26.0000000 0.2506000 0.2049102
26.0000000 0.2666500 0.2051160
26.0000000 0.2827000 0.2053379
26.0000000 0.2987500 0.2055758
26.0000000 0.3148000 0.2058295
26.0000000 0.3308500 0.2060989
26.0000000 0.3469000 0.2063838
26.0000000 0.3629500 0.2066840
26.0000000 0.3790000 0.2069993
26.0000000 0.3950500 0.2073295
26.0000000 0.4111000 0.2076746
26.0000000 0.4271500 0.2080342
26.0000000 0.4432000 0.2084081
26.0000000 0.4592500 0.2087963
26.0000000 0.4753000 0.2091985
26.0000000 0.4913500 0.2096145
26.0000000 0.5074000 0.2100441
26.0000000 0.5234500 0.2104872
26.0000000 0.5395000 0.2109434
26.0000000 0.5555500 0.2114127
26.0000000 0.5716000 0.2118948
26.0000000 0.5876500 0.2123895
26.0000000 0.6037000 0.2128965
26.0000000 0.6197500 0.2134157
26.0000000 0.6358000 0.2139468
26.0000000 0.6518500 0.2144896
26.0000000 0.6679000 0.2150439
26.0000000 0.6839500 0.2156094
26.0500000 0.0580000 0.2037645
26.0500000 0.0740500 0.2037635
26.0500000 0.0901000 0.2037807
26.0500000 0.1061500 0.2038160
26.0500000 0.1222000 0.2038692
26.0500000 0.1382500 0.2039400
26.0500000 0.1543000 0.2040284
26.0500000 0.1703500 0.2041342
26.0500000 0.1864000 0.2042572
26.0500000 0.2024500 0.2043972
26.0500000 0.2185000 0.2045541
26.0500000 0.2345500 0.2047277
26.0500000 0.2506000 0.2049179
26.0500000 0.2666500 0.2051244
26.0500000 0.2827000 0.2053470
26.0500000 0.2987500 0.2055857
26.0500000 0.3148000 0.2058403
26.0500000 0.3308500 0.2061105
26.0500000 0.3469000 0.2063962
26.0500000 0.3629500 0.2066972
26.0500000 0.3790000 0.2070134
26.0500000 0.3950500 0.2073445
26.0500000 0.4111000 0.2076903
26.0500000 0.4271500 0.2080508
26.0500000 0.4432000 0.2084257
26.0500000 0.4592500 0.2088147
26.0500000 0.4753000 0.2092178
26.0500000 0.4913500 0.2096348
26.0500000 0.5074000 0.2100653
26.0500000 0.5234500 0.2105093
26.0500000 0.5395000 0.2109665
26.0500000 0.5555500 0.2114367
26.0500000 0.5716000 0.2119197
26.0500000 0.5876500 0.2124154
26.0500000 0.6037000 0.2129234
26.0500000 0.6197500 0.2134435
26.0500000 0.6358000 0.2139756
26.0500000 0.6518500 0.2145194
26.0500000 0.6679000 0.2150747
26.0500000 0.6839500 0.2156412
26.1000000 0.0580000 0.2037642
26.1000000 0.0740500 0.2037638
26.1000000 0.0901000 0.2037816
26.1000000 0.1061500 0.2038175
26.1000000 0.1222000 0.2038713
26.1000000 0.1382500 0.2039428
26.1000000 0.1543000 0.2040319
26.1000000 0.1703500 0.2041383
26.1000000 0.1864000 0.2042620
26.1000000 0.2024500 0.2044027
26.1000000 0.2185000 0.2045603
26.1000000 0.2345500 0.2047347
26.1000000 0.2506000 0.2049256
26.1000000 0.2666500 0.2051328
26.1000000 0.2827000 0.2053563
26.1000000 0.2987500 0.2055957
26.1000000 0.3148000 0.2058511
26.1000000 0.3308500 0.2061221
26.1000000 0.3469000 0.2064086
26.1000000 0.3629500 0.2067105
26.1000000 0.3790000 0.2070275
26.1000000 0.3950500 0.2073594
26.1000000 0.4111000 0.2077062
26.1000000 0.4271500 0.2080675
26.1000000 0.4432000 0.2084433
26.1000000 0.4592500 0.2088332
26.1000000 0.4753000 0.2092372
26.1000000 0.4913500 0.2096551
26.1000000 0.5074000 0.2100865
26.1000000 0.5234500 0.2105314
26.1000000 0.5395000 0.2109896
26.1000000 0.5555500 0.2114608
26.1000000 0.5716000 0.2119447
26.1000000 0.5876500 0.2124413
26.1000000 0.6037000 0.2129503
26.1000000 0.6197500 0.2134714
26.1000000 0.6358000 0.2140045
26.1000000 0.6518500 0.2145493
26.1000000 0.6679000 0.2151056
26.1000000 0.6839500 0.2156731
26.1500000 0.0580000 0.2037640
26.1500000 0.0740500 0.2037642
26.1500000 0.0901000 0.2037826
26.1500000 0.1061500 0.2038191
26.1500000 0.1222000 0.2038735
26.1500000 0.1382500 0.2039456
26.1500000 0.1543000 0.2040354
26.1500000 0.1703500 0.2041425
26.1500000 0.1864000 0.2042669
26.1500000 0.2024500 0.2044083
26.1500000 0.2185000 0.2045666
26.1500000 0.2345500 0.2047417
26.1500000 0.2506000 0.2049333
26.1500000 0.2666500 0.2051413
26.1500000 0.2827000 0.2053655
26.1500000 0.2987500 0.2056058
26.1500000 0.3148000 0.2058619
26.1500000 0.3308500 0.2061338
26.1500000 0.3469000 0.2064211
26.1500000 0.3629500 0.2067238
26.1500000 0.3790000 0.2070416
26.1500000 0.3950500 0.2073744
26.1500000 0.4111000 0.2077220
26.1500000 0.4271500 0.2080842
26.1500000 0.4432000 0.2084609
26.1500000 0.4592500 0.2088517
26.1500000 0.4753000 0.2092566
26.1500000 0.4913500 0.2096754
26.1500000 0.5074000 0.2101078
26.1500000 0.5234500 0.2105536
26.1500000 0.5395000 0.2110127
26.1500000 0.5555500 0.2114848
26.1500000 0.5716000 0.2119698
26.1500000 0.5876500 0.2124673
26.1500000 0.6037000 0.2129772
26.1500000 0.6197500 0.2134994
26.1500000 0.6358000 0.2140334
26.1500000 0.6518500 0.2145792
26.1500000 0.6679000 0.2151364
26.1500000 0.6839500 0.2157049
26.2000000 0.0580000 0.2037638
26.2000000 0.0740500 0.2037646
26.2000000 0.0901000 0.2037836
26.2000000 0.1061500 0.2038207
26.2000000 0.1222000 0.2038757
26.2000000 0.1382500 0.2039485
26.2000000 0.1543000 0.2040389
26.2000000 0.1703500 0.2041467
26.2000000 0.1864000 0.2042717
26.2000000 0.2024500 0.2044139
26.2000000 0.2185000 0.2045729
26.2000000 0.2345500 0.2047487
26.2000000 0.2506000 0.2049411
26.2000000 0.2666500 0.2051499
26.2000000 0.2827000 0.2053748
26.2000000 0.2987500 0.2056159
26.2000000 0.3148000 0.2058728
26.2000000 0.3308500 0.2061455
26.2000000 0.3469000 0.2064336
26.2000000 0.3629500 0.2067371
26.2000000 0.3790000 0.2070558
26.2000000 0.3950500 0.2073895
26.2000000 0.4111000 0.2077379
26.2000000 0.4271500 0.2081010
26.2000000 0.4432000 0.2084785
26.2000000 0.4592500 0.2088703
26.2000000 0.4753000 0.2092761
26.2000000 0.4913500 0.2096958
26.2000000 0.5074000 0.2101291
26.2000000 0.5234500 0.2105758
26.2000000 0.5395000 0.2110359
26.2000000 0.5555500 0.2115089
26.2000000 0.5716000 0.2119948
26.2000000 0.5876500 0.2124933
26.2000000 0.6037000 0.2130042
26.2000000 0.6197500 0.2135273
26.2000000 0.6358000 0.2140623
26.2000000 0.6518500 0.2146091
26.2000000 0.6679000 0.2151673
26.2000000 0.6839500 0.2157368
26.2500000 0.0580000 0.2037637
26.2500000 0.0740500 0.2037650
26.2500000 0.0901000 0.2037847
26.2500000 0.1061500 0.2038224
26.2500000 0.1222000 0.2038780
26.2500000 0.1382500 0.2039514
26.2500000 0.1543000 0.2040425
26.2500000 0.1703500 0.2041510
26.2500000 0.1864000 0.2042767
26.2500000 0.2024500 0.2044195
26.2500000 0.2185000 0.2045793
26.2500000 0.2345500 0.2047558
26.2500000 0.2506000 0.2049489
26.2500000 0.2666500 0.2051584
26.2500000 0.2827000 0.2053842
26.2500000 0.2987500 0.2056260
26.2500000 0.3148000 0.2058838
26.2500000 0.3308500 0.2061572
26.2500000 0.3469000 0.2064462
26.2500000 0.3629500 0.2067505
26.2500000 0.3790000 0.2070700
26.2500000 0.3950500 0.2074045
26.2500000 0.4111000 0.2077539
26.2500000 0.4271500 0.2081178
26.2500000 0.4432000 0.2084962
26.2500000 0.4592500 0.2088889
26.2500000 0.4753000 0.2092956
26.2500000 0.4913500 0.2097162
26.2500000 0.5074000 0.2101504
26.2500000 0.5234500 0.2105981
26.2500000 0.5395000 0.2110591
26.2500000 0.5555500 0.2115331
26.2500000 0.5716000 0.2120199
26.2500000 0.5876500 0.2125194
26.2500000 0.6037000 0.2130312
26.2500000 0.6197500 0.2135553
26.2500000 0.6358000 0.2140913
26.2500000 0.6518500 0.2146390
26.2500000 0.6679000 0.2151983
26.2500000 0.6839500 0.2157688
26.3000000 0.0580000 0.2037636
26.3000000 0.0740500 0.2037655
26.3000000 0.0901000 0.2037857
26.3000000 0.1061500 0.2038241
26.3000000 0.1222000 0.2038804
26.3000000 0.1382500 0.2039544
26.3000000 0.1543000 0.2040461
26.3000000 0.1703500 0.2041553
26.3000000 0.1864000 0.2042817
26.3000000 0.2024500 0.2044252
26.3000000 0.2185000 0.2045857
26.3000000 0.2345500 0.2047630
26.3000000 0.2506000 0.2049568
26.3000000 0.2666500 0.2051671
26.3000000 0.2827000 0.2053936
26.3000000 0.2987500 0.2056362
26.3000000 0.3148000 0.2058947
26.3000000 0.3308500 0.2061690
26.3000000 0.3469000 0.2064588
26.3000000 0.3629500 0.2067640
26.3000000 0.3790000 0.2070843
26.3000000 0.3950500 0.2074197
26.3000000 0.4111000 0.2077699
26.3000000 0.4271500 0.2081347
26.3000000 0.4432000 0.2085140
26.3000000 0.4592500 0.2089075
26.3000000 0.4753000 0.2093151
26.3000000 0.4913500 0.2097366
26.3000000 0.5074000 0.2101718
26.3000000 0.5234500 0.2106204
26.3000000 0.5395000 0.2110823
26.3000000 0.5555500 0.2115572
26.3000000 0.5716000 0.2120450
26.3000000 0.5876500 0.2125455
26.3000000 0.6037000 0.2130583
26.3000000 0.6197500 0.2135833
26.3000000 0.6358000 0.2141203
26.3000000 0.6518500 0.2146690
26.3000000 0.6679000 0.2152292
26.3000000 0.6839500 0.2158007
26.3500000 0.0580000 0.2037636
26.3500000 0.0740500 0.2037661
26.3500000 0.0901000 0.2037869
26.3500000 0.1061500 0.2038258
26.3500000 0.1222000 0.2038827
26.3500000 0.1382500 0.2039574
26.3500000 0.1543000 0.2040498
26.3500000 0.1703500 0.2041596
26.3500000 0.1864000 0.2042867
26.3500000 0.2024500 0.2044310
26.3500000 0.2185000 0.2045922
26.3500000 0.2345500 0.2047701
26.3500000 0.2506000 0.2049647
26.3500000 0.2666500 0.2051758
26.3500000 0.2827000 0.2054031
26.3500000 0.2987500 0.2056465
26.3500000 0.3148000 0.2059058
26.3500000 0.3308500 0.2061808
26.3500000 0.3469000 0.2064714
26.3500000 0.3629500 0.2067774
26.3500000 0.3790000 0.2070986
26.3500000 0.3950500 0.2074349
26.3500000 0.4111000 0.2077859
26.3500000 0.4271500 0.2081516
26.3500000 0.4432000 0.2085318
26.3500000 0.4592500 0.2089262
26.3500000 0.4753000 0.2093347
26.3500000 0.4913500 0.2097571
26.3500000 0.5074000 0.2101932
26.3500000 0.5234500 0.2106427
26.3500000 0.5395000 0.2111056
26.3500000 0.5555500 0.2115814
26.3500000 0.5716000 0.2120702
26.3500000 0.5876500 0.2125716
26.3500000 0.6037000 0.2130854
26.3500000 0.6197500 0.2136114
26.3500000 0.6358000 0.2141493
26.3500000 0.6518500 0.2146990
26.3500000 0.6679000 0.2152602
26.3500000 0.6839500 0.2158327
26.4000000 0.0580000 0.2037636
26.4000000 0.0740500 0.2037667
26.4000000 0.0901000 0.2037881
26.4000000 0.1061500 0.2038276
26.4000000 0.1222000 0.2038852
26.4000000 0.1382500 0.2039605
26.4000000 0.1543000 0.2040535
26.4000000 0.1703500 0.2041640
26.4000000 0.1864000 0.2042918
26.4000000 0.2024500 0.2044367
26.4000000 0.2185000 0.2045987
26.4000000 0.2345500 0.2047774
26.4000000 0.2506000 0.2049727
26.4000000 0.2666500 0.2051845
26.4000000 0.2827000 0.2054126
26.4000000 0.2987500 0.2056567
26.4000000 0.3148000 0.2059168
26.4000000 0.3308500 0.2061927
26.4000000 0.3469000 0.2064841
26.4000000 0.3629500 0.2067910
26.4000000 0.3790000 0.2071130
26.4000000 0.3950500 0.2074501
26.4000000 0.4111000 0.2078020
26.4000000 0.4271500 0.2081686
26.4000000 0.4432000 0.2085496
26.4000000 0.4592500 0.2089449
26.4000000 0.4753000 0.2093543
26.4000000 0.4913500 0.2097776
26.4000000 0.5074000 0.2102146
26.4000000 0.5234500 0.2106651
26.4000000 0.5395000 0.2111289
26.4000000 0.5555500 0.2116057
26.4000000 0.5716000 0.2120954
26.4000000 0.5876500 0.2125977
26.4000000 0.6037000 0.2131125
26.4000000 0.6197500 0.2136394
26.4000000 0.6358000 0.2141784
26.4000000 0.6518500 0.2147291
26.4000000 0.6679000 0.2152913
26.4000000 0.6839500 0.2158647
26.4500000 0.0580000 0.2037637
26.4500000 0.0740500 0.2037673
26.4500000 0.0901000 0.2037893
26.4500000 0.1061500 0.2038295
26.4500000 0.1222000 0.2038876
26.4500000 0.1382500 0.2039636
26.4500000 0.1543000 0.2040573
26.4500000 0.1703500 0.2041685
26.4500000 0.1864000 0.2042969
26.4500000 0.2024500 0.2044426
26.4500000 0.2185000 0.2046052
26.4500000 0.2345500 0.2047846
26.4500000 0.2506000 0.2049807
26.4500000 0.2666500 0.2051933
26.4500000 0.2827000 0.2054221
26.4500000 0.2987500 0.2056671
26.4500000 0.3148000 0.2059280
26.4500000 0.3308500 0.2062046
26.4500000 0.3469000 0.2064969
26.4500000 0.3629500 0.2068045
26.4500000 0.3790000 0.2071274
26.4500000 0.3950500 0.2074653
26.4500000 0.4111000 0.2078181
26.4500000 0.4271500 0.2081855
26.4500000 0.4432000 0.2085675
26.4500000 0.4592500 0.2089637
26.4500000 0.4753000 0.2093740
26.4500000 0.4913500 0.2097982
26.4500000 0.5074000 0.2102361
26.4500000 0.5234500 0.2106875
26.4500000 0.5395000 0.2111522
26.4500000 0.5555500 0.2116300
26.4500000 0.5716000 0.2121206
26.4500000 0.5876500 0.2126239
26.4500000 0.6037000 0.2131396
26.4500000 0.6197500 0.2136676
26.4500000 0.6358000 0.2142075
26.4500000 0.6518500 0.2147591
26.4500000 0.6679000 0.2153223
26.4500000 0.6839500 0.2158968
26.5000000 0.0580000 0.2037638
26.5000000 0.0740500 0.2037680
26.5000000 0.0901000 0.2037906
26.5000000 0.1061500 0.2038314
26.5000000 0.1222000 0.2038902
26.5000000 0.1382500 0.2039668
26.5000000 0.1543000 0.2040611
26.5000000 0.1703500 0.2041729
26.5000000 0.1864000 0.2043021
26.5000000 0.2024500 0.2044485
26.5000000 0.2185000 0.2046118
26.5000000 0.2345500 0.2047920
26.5000000 0.2506000 0.2049888
26.5000000 0.2666500 0.2052021
26.5000000 0.2827000 0.2054317
26.5000000 0.2987500 0.2056774
26.5000000 0.3148000 0.2059391
26.5000000 0.3308500 0.2062166
26.5000000 0.3469000 0.2065097
26.5000000 0.3629500 0.2068181
26.5000000 0.3790000 0.2071419
26.5000000 0.3950500 0.2074806
26.5000000 0.4111000 0.2078343
26.5000000 0.4271500 0.2082026
26.5000000 0.4432000 0.2085854
26.5000000 0.4592500 0.2089825
26.5000000 0.4753000 0.2093937
26.5000000 0.4913500 0.2098188
26.5000000 0.5074000 0.2102576
26.5000000 0.5234500 0.2107100
26.5000000 0.5395000 0.2111756
26.5000000 0.5555500 0.2116543
26.5000000 0.5716000 0.2121459
26.5000000 0.5876500 0.2126501
26.5000000 0.6037000 0.2131668
26.5000000 0.6197500 0.2136957
26.5000000 0.6358000 0.2142366
26.5000000 0.6518500 0.2147892
26.5000000 0.6679000 0.2153534
26.5000000 0.6839500 0.2159288
26.5500000 0.0580000 0.2037640
26.5500000 0.0740500 0.2037688
26.5500000 0.0901000 0.2037919
26.5500000 0.1061500 0.2038333
26.5500000 0.1222000 0.2038927
26.5500000 0.1382500 0.2039700
26.5500000 0.1543000 0.2040650
26.5500000 0.1703500 0.2041775
26.5500000 0.1864000 0.2043073
26.5500000 0.2024500 0.2044544
26.5500000 0.2185000 0.2046184
26.5500000 0.2345500 0.2047993
26.5500000 0.2506000 0.2049969
26.5500000 0.2666500 0.2052110
26.5500000 0.2827000 0.2054413
26.5500000 0.2987500 0.2056879
26.5500000 0.3148000 0.2059503
26.5500000 0.3308500 0.2062286
26.5500000 0.3469000 0.2065225
26.5500000 0.3629500 0.2068318
26.5500000 0.3790000 0.2071564
26.5500000 0.3950500 0.2074960
26.5500000 0.4111000 0.2078505
26.5500000 0.4271500 0.2082196
26.5500000 0.4432000 0.2086033
26.5500000 0.4592500 0.2090013
26.5500000 0.4753000 0.2094134
26.5500000 0.4913500 0.2098394
26.5500000 0.5074000 0.2102792
26.5500000 0.5234500 0.2107324
26.5500000 0.5395000 0.2111990
26.5500000 0.5555500 0.2116786
26.5500000 0.5716000 0.2121712
26.5500000 0.5876500 0.2126764
26.5500000 0.6037000 0.2131940
26.5500000 0.6197500 0.2137239
26.5500000 0.6358000 0.2142657
26.5500000 0.6518500 0.2148193
26.5500000 0.6679000 0.2153845
26.5500000 0.6839500 0.2159609
26.6000000 0.0580000 0.2037642
26.6000000 0.0740500 0.2037696
26.6000000 0.0901000 0.2037933
26.6000000 0.1061500 0.2038353
26.6000000 0.1222000 0.2038953
26.6000000 0.1382500 0.2039733
26.6000000 0.1543000 0.2040689
26.6000000 0.1703500 0.2041821
26.6000000 0.1864000 0.2043126
26.6000000 0.2024500 0.2044604
26.6000000 0.2185000 0.2046251
26.6000000 0.2345500 0.2048068
26.6000000 0.2506000 0.2050051
26.6000000 0.2666500 0.2052199
26.6000000 0.2827000 0.2054510
26.6000000 0.2987500 0.2056983
26.6000000 0.3148000 0.2059616
26.6000000 0.3308500 0.2062407
26.6000000 0.3469000 0.2065354
26.6000000 0.3629500 0.2068455
26.6000000 0.3790000 0.2071709
26.6000000 0.3950500 0.2075114
26.6000000 0.4111000 0.2078667
26.6000000 0.4271500 0.2082368
26.6000000 0.4432000 0.2086213
26.6000000 0.4592500 0.2090202
26.6000000 0.4753000 0.2094332
26.6000000 0.4913500 0.2098601
26.6000000 0.5074000 0.2103008
26.6000000 0.5234500 0.2107549
26.6000000 0.5395000 0.2112224
26.6000000 0.5555500 0.2117030
26.6000000 0.5716000 0.2121965
26.6000000 0.5876500 0.2127026
26.6000000 0.6037000 0.2132212
26.6000000 0.6197500 0.2137521
26.6000000 0.6358000 0.2142949
26.6000000 0.6518500 0.2148495
26.6000000 0.6679000 0.2154156
26.6000000 0.6839500 0.2159930
26.6500000 0.0580000 0.2037644
26.6500000 0.0740500 0.2037704
26.6500000 0.0901000 0.2037947
26.6500000 0.1061500 0.2038373
26.6500000 0.1222000 0.2038980
26.6500000 0.1382500 0.2039766
26.6500000 0.1543000 0.2040728
26.6500000 0.1703500 0.2041867
26.6500000 0.1864000 0.2043179
26.6500000 0.2024500 0.2044664
26.6500000 0.2185000 0.2046319
26.6500000 0.2345500 0.2048142
26.6500000 0.2506000 0.2050133
26.6500000 0.2666500 0.2052288
26.6500000 0.2827000 0.2054608
26.6500000 0.2987500 0.2057088
26.6500000 0.3148000 0.2059729
26.6500000 0.3308500 0.2062528
26.6500000 0.3469000 0.2065483
26.6500000 0.3629500 0.2068593
26.6500000 0.3790000 0.2071855
26.6500000 0.3950500 0.2075268
26.6500000 0.4111000 0.2078830
26.6500000 0.4271500 0.2082539
26.6500000 0.4432000 0.2086394
26.6500000 0.4592500 0.2090391
26.6500000 0.4753000 0.2094530
26.6500000 0.4913500 0.2098808
26.6500000 0.5074000 0.2103224
26.6500000 0.5234500 0.2107775
26.6500000 0.5395000 0.2112459
26.6500000 0.5555500 0.2117274
26.6500000 0.5716000 0.2122218
26.6500000 0.5876500 0.2127289
26.6500000 0.6037000 0.2132485
26.6500000 0.6197500 0.2137803
26.6500000 0.6358000 0.2143241
26.6500000 0.6518500 0.2148796
26.6500000 0.6679000 0.2154467
26.6500000 0.6839500 0.2160251
26.7000000 0.0580000 0.2037647
26.7000000 0.0740500 0.2037713
26.7000000 0.0901000 0.2037962
26.7000000 0.1061500 0.2038394
26.7000000 0.1222000 0.2039007
26.7000000 0.1382500 0.2039799
26.7000000 0.1543000 0.2040769
26.7000000 0.1703500 0.2041914
26.7000000 0.1864000 0.2043233
26.7000000 0.2024500 0.2044725
26.7000000 0.2185000 0.2046387
26.7000000 0.2345500 0.2048217
26.7000000 0.2506000 0.2050215
26.7000000 0.2666500 0.2052379
26.7000000 0.2827000 0.2054705
26.7000000 0.2987500 0.2057194
26.7000000 0.3148000 0.2059842
26.7000000 0.3308500 0.2062649
26.7000000 0.3469000 0.2065613
26.7000000 0.3629500 0.2068730
26.7000000 0.3790000 0.2072001
26.7000000 0.3950500 0.2075423
26.7000000 0.4111000 0.2078993
26.7000000 0.4271500 0.2082711
26.7000000 0.4432000 0.2086574
26.7000000 0.4592500 0.2090581
26.7000000 0.4753000 0.2094729
26.7000000 0.4913500 0.2099016
26.7000000 0.5074000 0.2103441
26.7000000 0.5234500 0.2108001
26.7000000 0.5395000 0.2112694
26.7000000 0.5555500 0.2117519
26.7000000 0.5716000 0.2122472
26.7000000 0.5876500 0.2127553
26.7000000 0.6037000 0.2132758
26.7000000 0.6197500 0.2138085
26.7000000 0.6358000 0.2143533
26.7000000 0.6518500 0.2149098
26.7000000 0.6679000 0.2154779
26.7000000 0.6839500 0.2160573
26.7500000 0.0580000 0.2037651
26.7500000 0.0740500 0.2037722
26.7500000 0.0901000 0.2037977
26.7500000 0.1061500 0.2038415
26.7500000 0.1222000 0.2039035
26.7500000 0.1382500 0.2039833
26.7500000 0.1543000 0.2040809
26.7500000 0.1703500 0.2041961
26.7500000 0.1864000 0.2043287
26.7500000 0.2024500 0.2044786
26.7500000 0.2185000 0.2046455
26.7500000 0.2345500 0.2048293
26.7500000 0.2506000 0.2050298
26.7500000 0.2666500 0.2052469
26.7500000 0.2827000 0.2054804
26.7500000 0.2987500 0.2057300
26.7500000 0.3148000 0.2059956
26.7500000 0.3308500 0.2062771
26.7500000 0.3469000 0.2065743
26.7500000 0.3629500 0.2068869
26.7500000 0.3790000 0.2072148
26.7500000 0.3950500 0.2075578
26.7500000 0.4111000 0.2079157
26.7500000 0.4271500 0.2082883
26.7500000 0.4432000 0.2086755
26.7500000 0.4592500 0.2090771
26.7500000 0.4753000 0.2094928
26.7500000 0.4913500 0.2099224
26.7500000 0.5074000 0.2103658
26.7500000 0.5234500 0.2108227
26.7500000 0.5395000 0.2112930
26.7500000 0.5555500 0.2117764
26.7500000 0.5716000 0.2122727
26.7500000 0.5876500 0.2127817
26.7500000 0.6037000 0.2133031
26.7500000 0.6197500 0.2138368
26.7500000 0.6358000 0.2143826
26.7500000 0.6518500 0.2149401
26.7500000 0.6679000 0.2155091
26.7500000 0.6839500 0.2160895
26.8000000 0.0580000 0.2037655
26.8000000 0.0740500 0.2037731
26.8000000 0.0901000 0.2037993
26.8000000 0.1061500 0.2038437
26.8000000 0.1222000 0.2039062
26.8000000 0.1382500 0.2039867
26.8000000 0.1543000 0.2040850
26.8000000 0.1703500 0.2042009
26.8000000 0.1864000 0.2043342
26.8000000 0.2024500 0.2044847
26.8000000 0.2185000 0.2046524
26.8000000 0.2345500 0.2048369
26.8000000 0.2506000 0.2050382
26.8000000 0.2666500 0.2052560
26.8000000 0.2827000 0.2054902
26.8000000 0.2987500 0.2057406
26.8000000 0.3148000 0.2060071
26.8000000 0.3308500 0.2062894
26.8000000 0.3469000 0.2065873
26.8000000 0.3629500 0.2069007
26.8000000 0.3790000 0.2072295
26.8000000 0.3950500 0.2075733
26.8000000 0.4111000 0.2079321
26.8000000 0.4271500 0.2083056
26.8000000 0.4432000 0.2086937
26.8000000 0.4592500 0.2090961
26.8000000 0.4753000 0.2095127
26.8000000 0.4913500 0.2099432
26.8000000 0.5074000 0.2103875
26.8000000 0.5234500 0.2108454
26.8000000 0.5395000 0.2113166
26.8000000 0.5555500 0.2118009
26.8000000 0.5716000 0.2122981
26.8000000 0.5876500 0.2128081
26.8000000 0.6037000 0.2133305
26.8000000 0.6197500 0.2138652
26.8000000 0.6358000 0.2144118
26.8000000 0.6518500 0.2149703
26.8000000 0.6679000 0.2155404
26.8000000 0.6839500 0.2161217
26.8500000 0.0580000 0.2037659
26.8500000 0.0740500 0.2037742
26.8500000 0.0901000 0.2038009
26.8500000 0.1061500 0.2038459
26.8500000 0.1222000 0.2039091
26.8500000 0.1382500 0.2039902
26.8500000 0.1543000 0.2040891
26.8500000 0.1703500 0.2042057
26.8500000 0.1864000 0.2043397
26.8500000 0.2024500 0.2044909
26.8500000 0.2185000 0.2046593
26.8500000 0.2345500 0.2048445
26.8500000 0.2506000 0.2050466
26.8500000 0.2666500 0.2052651
26.8500000 0.2827000 0.2055001
26.8500000 0.2987500 0.2057513
26.8500000 0.3148000 0.2060186
26.8500000 0.3308500 0.2063016
26.8500000 0.3469000 0.2066004
26.8500000 0.3629500 0.2069147
26.8500000 0.3790000 0.2072442
26.8500000 0.3950500 0.2075889
26.8500000 0.4111000 0.2079486
26.8500000 0.4271500 0.2083229
26.8500000 0.4432000 0.2087119
26.8500000 0.4592500 0.2091152
26.8500000 0.4753000 0.2095326
26.8500000 0.4913500 0.2099641
26.8500000 0.5074000 0.2104093
26.8500000 0.5234500 0.2108681
26.8500000 0.5395000 0.2113402
26.8500000 0.5555500 0.2118254
26.8500000 0.5716000 0.2123236
26.8500000 0.5876500 0.2128345
26.8500000 0.6037000 0.2133579
26.8500000 0.6197500 0.2138935
26.8500000 0.6358000 0.2144412
26.8500000 0.6518500 0.2150006
26.8500000 0.6679000 0.2155716
26.8500000 0.6839500 0.2161539
26.9000000 0.0580000 0.2037664
26.9000000 0.0740500 0.2037752
26.9000000 0.0901000 0.2038025
26.9000000 0.1061500 0.2038482
26.9000000 0.1222000 0.2039120
26.9000000 0.1382500 0.2039938
26.9000000 0.1543000 0.2040933
26.9000000 0.1703500 0.2042106
26.9000000 0.1864000 0.2043452
26.9000000 0.2024500 0.2044972
26.9000000 0.2185000 0.2046662
26.9000000 0.2345500 0.2048522
26.9000000 0.2506000 0.2050550
26.9000000 0.2666500 0.2052743
26.9000000 0.2827000 0.2055101
26.9000000 0.2987500 0.2057621
26.9000000 0.3148000 0.2060301
26.9000000 0.3308500 0.2063140
26.9000000 0.3469000 0.2066135
26.9000000 0.3629500 0.2069286
26.9000000 0.3790000 0.2072590
26.9000000 0.3950500 0.2076046
26.9000000 0.4111000 0.2079650
26.9000000 0.4271500 0.2083403
26.9000000 0.4432000 0.2087301
26.9000000 0.4592500 0.2091343
26.9000000 0.4753000 0.2095527
26.9000000 0.4913500 0.2099850
26.9000000 0.5074000 0.2104311
26.9000000 0.5234500 0.2108908
26.9000000 0.5395000 0.2113638
26.9000000 0.5555500 0.2118500
26.9000000 0.5716000 0.2123491
26.9000000 0.5876500 0.2128610
26.9000000 0.6037000 0.2133853
26.9000000 0.6197500 0.2139219
26.9000000 0.6358000 0.2144705
26.9000000 0.6518500 0.2150309
26.9000000 0.6679000 0.2156029
26.9000000 0.6839500 0.2161862
26.9500000 0.0580000 0.2037669
26.9500000 0.0740500 0.2037763
26.9500000 0.0901000 0.2038042
26.9500000 0.1061500 0.2038505
26.9500000 0.1222000 0.2039149
26.9500000 0.1382500 0.2039973
26.9500000 0.1543000 0.2040976
26.9500000 0.1703500 0.2042155
26.9500000 0.1864000 0.2043508
26.9500000 0.2024500 0.2045035
26.9500000 0.2185000 0.2046733
26.9500000 0.2345500 0.2048600
26.9500000 0.2506000 0.2050635
26.9500000 0.2666500 0.2052836
26.9500000 0.2827000 0.2055201
26.9500000 0.2987500 0.2057728
26.9500000 0.3148000 0.2060416
26.9500000 0.3308500 0.2063263
26.9500000 0.3469000 0.2066267
26.9500000 0.3629500 0.2069426
26.9500000 0.3790000 0.2072739
26.9500000 0.3950500 0.2076202
26.9500000 0.4111000 0.2079816
26.9500000 0.4271500 0.2083577
26.9500000 0.4432000 0.2087484
26.9500000 0.4592500 0.2091534
26.9500000 0.4753000 0.2095727
26.9500000 0.4913500 0.2100059
26.9500000 0.5074000 0.2104530
26.9500000 0.5234500 0.2109135
26.9500000 0.5395000 0.2113875
26.9500000 0.5555500 0.2118746
26.9500000 0.5716000 0.2123747
26.9500000 0.5876500 0.2128875
26.9500000 0.6037000 0.2134127
26.9500000 0.6197500 0.2139503
26.9500000 0.6358000 0.2144999
26.9500000 0.6518500 0.2150612
26.9500000 0.6679000 0.2156342
26.9500000 0.6839500 0.2162185
