0 17 432 0.519809 3 121
0 109 541 0.929394 2 121
1 17 661 0.533443 3 122
0 17 432 0.480518 3 122
0 17 736 0.332285 3 123
1 296 762 0.387363 2 123
0 115 498 0.542747 2 124
0 736 661 0.657907 3 125
0 361 203 0.157295 3 125
0 296 237 0.469944 2 125
0 361 498 0.713819 2 125
0 432 296 0.842201 2 126
0 109 377 0.696921 2 127
0 762 296 0.311203 1 127
0 185 805 0.694899 3 127
0 661 296 0.800298 2 127
0 713 237 0.667885 1 129
0 736 713 0.860963 1 129
0 203 616 0.459379 1 129
0 736 296 0.916579 3 130
1 661 296 0.735513 3 132
0 661 17 0.230036 1 132
0 736 17 0.55631 1 132
0 187 462 0.272167 3 132
0 687 532 0.180997 3 132
0 115 185 0.664993 3 133
1 432 661 0.466496 2 133
0 17 713 0.756961 3 134
0 713 296 0.571825 3 134
0 444 377 0.955646 2 135
0 203 616 0.757815 2 135
0 203 135 0.919167 2 136
0 736 432 0.753648 2 136
0 616 135 0.813367 2 136
0 661 432 0.412078 3 137
0 736 661 0.689533 5 137
0 687 632 0.399078 3 137
1 115 361 0.642948 2 138
0 296 237 0.587576 1 138
0 661 237 0.792907 3 139
1 498 115 0.408416 1 140
0 17 713 0.836574 3 139
0 444 115 0.911322 2 139
0 296 661 0.191014 3 139
0 115 498 0.660644 1 140
0 17 713 0.876632 3 140
0 115 203 0.12546 3 140
0 17 736 0.554601 1 140
1 661 432 0.658142 1 140
1 661 713 0.747414 2 141
1 444 616 0.654558 1 141
1 432 17 0.562194 1 141
1 713 661 0.297482 1 141
0 498 616 0.207305 2 141
0 187 209 0.418601 3 142
1 736 296 0.804917 1 143
0 444 203 0.50918 1 143
0 209 187 0.260853 5 143
0 736 432 0.597156 1 144
0 432 296 0.712304 3 145
0 444 616 0.741871 2 145
0 661 237 0.818661 1 145
0 17 713 0.812632 1 145
0 713 762 0.370947 1 146
1 432 661 0.55242 2 146
0 209 185 0.711893 1 146
0 736 661 0.568179 3 147
0 296 762 0.644359 1 147
0 361 185 0.843463 3 147
0 713 661 0.291242 1 147
1 713 661 0.258603 1 147
0 432 237 0.860107 3 148
0 432 762 0.844099 1 148
0 762 17 0.123354 1 148
0 17 736 0.667499 3 148
1 17 762 0.854752 3 149
0 17 713 0.885839 3 149
1 713 17 0.325432 3 149
0 237 713 0.258523 5 150
1 109 377 0.525814 2 151
0 135 541 0.892224 3 151
0 736 661 0.671558 1 151
0 296 762 0.647826 3 151
0 17 713 0.786231 1 151
0 377 109 0.323684 3 151
0 135 109 0.744068 1 152
1 661 432 0.561486 1 152
0 432 713 0.861299 2 152
0 736 296 0.832798 1 152
1 713 661 0.353214 1 152
1 203 616 0.848933 2 152
0 444 616 0.725414 1 152
0 377 135 0.261655 3 152
1 296 713 0.634881 1 152
1 432 296 0.82748 1 152
0 17 432 0.472691 1 152
0 203 540 0.93761 3 153
0 762 296 0.224541 2 153
0 135 109 0.676914 1 154
1 762 661 0.330353 2 154
0 115 805 0.775367 2 154
0 713 661 0.220042 3 154
0 17 237 0.853369 1 154
0 17 432 0.658865 1 154
0 296 237 0.680111 1 154
0 661 17 0.296965 1 154
0 203 616 0.67599 1 154
0 377 541 0.84326 2 155
1 411 109 0.133311 2 155
0 762 17 0.156405 3 155
1 432 237 0.856902 2 155
0 209 187 0.662996 1 156
0 736 432 0.725752 3 157
0 17 296 0.849281 3 157
0 736 17 0.680069 3 157
0 713 762 0.495661 3 158
0 432 296 0.870645 3 158
0 17 432 0.67377 3 158
0 17 736 0.234526 5 158
0 135 109 0.704782 3 159
0 237 713 0.442193 2 159
0 661 237 0.76437 1 159
0 135 377 0.665096 3 159
0 736 237 0.911685 1 159
0 17 237 0.897353 1 159
0 296 237 0.633733 3 160
0 661 432 0.295935 1 160
0 296 713 0.573974 1 160
0 713 237 0.393845 3 160
0 203 616 0.735825 1 160
0 135 541 0.911513 2 161
0 736 432 0.731693 1 161
0 17 661 0.522783 1 161
0 203 444 0.675592 1 161
0 17 296 0.823837 1 161
0 616 115 0.790319 3 162
0 444 203 0.334967 1 162
0 661 296 0.68477 1 162
0 661 432 0.444318 1 162
0 432 237 0.760361 1 162
0 713 237 0.809759 1 162
0 713 661 0.312744 3 162
0 296 432 0.404742 1 162
0 135 109 0.754269 2 163
0 377 109 0.416212 3 163
1 762 296 0.30297 2 165
0 681 204 0.843886 1 166
0 541 411 0.738728 2 166
0 736 432 0.838911 3 166
0 209 462 0.624009 1 166
0 17 296 0.76664 1 166
0 661 296 0.561827 1 166
0 135 377 0.834736 2 167
0 17 296 0.915345 2 167
0 661 762 0.780685 1 167
0 661 762 0.758299 1 167
0 616 361 0.831109 2 168
1 203 616 0.85412 2 168
0 736 432 0.778963 1 168
0 661 432 0.70516 1 168
1 713 661 0.280956 1 168
0 736 661 0.783466 1 169
1 17 432 0.744025 1 169
1 661 17 0.328217 1 169
0 361 540 0.59165 3 169
0 377 135 0.23043 1 170
0 432 237 0.779905 1 170
0 377 109 0.618439 5 170
0 377 109 0.736101 3 171
0 203 115 0.75532 1 171
0 432 296 0.863437 1 171
0 237 296 0.773305 1 171
0 135 109 0.785986 1 171
0 762 237 0.667504 1 171
0 432 237 0.751512 3 172
0 377 135 0.270387 3 172
1 17 762 0.824717 2 172
0 661 713 0.725367 1 173
0 736 713 0.868807 1 173
0 444 805 0.959672 2 173
0 444 616 0.552265 1 173
0 444 203 0.471196 1 173
0 762 432 0.171565 2 174
0 736 661 0.728257 1 174
0 444 361 0.925284 2 174
1 616 444 0.318205 1 174
0 444 616 0.715541 1 174
0 661 432 0.588342 2 175
0 377 411 0.928427 2 175
1 616 115 0.763838 2 175
0 540 805 0.76643 3 175
1 237 661 0.206012 1 175
0 217 207 0.778061 1 176
0 324 488 0.284389 3 176
0 115 532 0.851489 3 176
0 462 488 0.759285 1 177
0 444 540 0.957436 3 177
0 203 135 0.797423 3 177
0 762 661 0.210105 3 177
0 616 540 0.748258 3 178
0 762 661 0.273121 3 178
0 203 444 0.350352 5 179
0 17 432 0.450615 1 180
0 432 17 0.289201 1 180
0 736 17 0.648744 1 180
0 736 237 0.895886 1 180
0 713 762 0.434467 3 181
0 203 616 0.683418 1 181
0 237 17 0.133121 1 181
0 377 109 0.706925 1 181
0 109 377 0.336324 1 181
0 713 296 0.671475 3 181
0 432 237 0.74643 2 182
0 444 616 0.720427 1 182
0 237 432 0.276794 1 182
0 762 296 0.697089 3 182
0 115 520 0.802387 1 182
0 661 681 0.83067 1 183
0 135 203 0.164288 1 183
0 736 17 0.645865 1 183
0 135 203 0.205199 3 184
0 296 237 0.481626 3 184
0 135 109 0.759461 3 185
0 736 661 0.766631 3 185
0 520 209 0.459269 3 187
1 237 661 0.202992 2 188
0 661 736 0.272436 1 188
0 462 520 0.284145 3 188
0 209 520 0.593274 1 188
0 462 209 0.679983 3 188
0 661 237 0.677195 1 188
0 115 540 0.393119 3 188
0 661 237 0.676414 1 188
0 17 296 0.869471 3 189
0 661 17 0.402087 1 189
0 736 17 0.709206 1 189
0 736 661 0.734162 3 189
0 444 377 0.830197 1 191
0 526 109 0.536152 1 191
0 203 526 0.820731 1 192
0 432 681 0.903108 1 192
0 540 616 0.295078 1 192
0 203 109 0.863423 1 192
0 135 377 0.829848 3 192
0 203 540 0.907306 3 192
0 135 203 0.40086 3 193
0 432 237 0.764041 3 193
0 736 713 0.873892 3 194
0 762 296 0.682968 3 195
0 296 661 0.207208 3 195
0 115 361 0.618722 3 196
0 204 681 0.246564 3 197
0 217 207 0.695216 3 197
0 432 661 0.533446 1 197
0 17 736 0.329347 1 197
0 444 377 0.882229 3 198
0 17 432 0.681423 3 199
0 498 376 0.84352 3 200
0 520 187 0.757038 3 200
0 661 17 0.321209 3 201
0 237 762 0.183471 3 201
0 462 187 0.697735 1 201
0 498 376 0.818528 1 203
0 432 713 0.775797 3 203
0 432 681 0.920532 3 205
0 135 109 0.880677 3 206
0 661 432 0.348003 3 206
0 109 377 0.624669 3 206
0 135 109 0.821617 3 207
0 432 762 0.652001 3 207
0 616 115 0.704156 1 207
0 661 432 0.531801 5 207
0 324 462 0.213647 3 208
0 217 324 0.769435 3 209
0 462 324 0.683759 1 209
0 217 462 0.815962 3 209
0 713 296 0.631611 3 211
0 180 17 0.0909118 3 211
0 296 17 0.148051 3 212
0 180 713 0.328843 3 212
0 762 180 0.656205 3 213
0 296 713 0.343374 3 213
0 296 180 0.437441 3 214
0 296 762 0.244248 7 214
0 109 377 0.629913 3 214
0 115 498 0.393922 3 215
0 237 296 0.285923 3 216
0 209 361 0.240585 3 217
0 540 109 0.536333 1 217
0 526 540 0.359766 1 218
0 203 109 0.888351 1 218
0 526 540 0.347994 1 218
0 17 762 0.524481 1 218
0 540 526 0.625502 1 218
0 411 10 0.568158 3 221
0 713 296 0.531156 3 221
1 713 237 0.647406 2 221
0 411 541 0.687541 5 223
0 432 713 0.852187 5 223
0 237 296 0.542777 3 224
0 17 736 0.516343 5 225
0 180 237 0.38142 3 225
1 762 180 0.573278 3 226
0 713 180 0.434658 2 228
0 520 187 0.777853 3 231
1 520 217 0.625944 2 231
0 444 109 0.862266 1 232
0 713 180 0.693305 3 232
0 736 432 0.80459 1 232
0 377 411 0.902985 2 233
0 526 616 0.270701 1 233
0 444 526 0.721267 1 233
0 237 762 0.234944 1 233
0 385 237 0.697694 1 233
0 736 385 0.912533 3 234
0 736 661 0.782334 3 235
0 217 520 0.361102 2 236
1 237 180 0.337307 2 237
0 432 661 0.340836 3 238
0 520 687 0.753455 1 238
0 713 237 0.655873 2 238
1 237 713 0.284089 2 238
0 109 377 0.777224 3 239
0 432 17 0.31531 3 239
0 661 17 0.522038 5 240
0 661 432 0.35313 5 241
0 180 296 0.438883 3 242
0 736 762 0.8782 3 242
1 498 520 0.428406 2 243
0 736 713 0.909926 3 243
0 187 361 0.881746 1 243
0 498 540 0.2411 2 244
0 209 187 0.668238 1 244
0 762 713 0.580016 5 244
0 736 762 0.936189 5 245
0 17 432 0.63371 3 245
1 204 710 0.149966 2 246
0 432 713 0.787295 1 246
0 17 762 0.730351 1 246
0 296 432 0.1205 3 246
0 17 432 0.72707 1 246
0 736 17 0.749831 5 248
0 10 411 0.726558 3 249
0 432 762 0.686459 1 251
0 661 180 0.776952 1 251
1 661 432 0.664194 1 251
0 109 377 0.588276 3 252
1 498 217 0.761354 2 252
1 713 296 0.538623 2 252
0 377 411 0.906716 3 253
1 204 385 0.0530472 2 253
0 203 135 0.764265 1 253
0 17 432 0.759403 1 253
0 444 135 0.40665 1 253
0 17 736 0.289272 1 253
0 377 109 0.23711 5 254
0 444 203 0.203517 3 254
0 661 736 0.308401 3 254
0 661 17 0.609618 5 255
0 377 10 0.894967 3 256
0 187 209 0.252677 3 256
0 377 109 0.46874 3 256
0 141 109 0.324426 3 257
0 376 187 0.347989 3 258
0 511 324 0.368285 1 258
0 17 296 0.817583 1 258
0 444 203 0.43749 1 258
0 432 762 0.666264 1 258
0 736 762 0.866708 1 258
0 376 187 0.760674 3 258
0 203 616 0.656819 1 259
1 180 237 0.693114 2 259
0 444 540 0.881799 1 259
0 736 17 0.624762 1 259
0 762 296 0.666629 1 259
0 252 498 0.926477 2 259
0 109 141 0.611459 1 260
0 736 296 0.870671 1 260
0 203 616 0.766561 1 260
0 736 17 0.425731 1 260
0 187 511 0.616896 3 260
0 187 511 0.682593 3 260
0 377 10 0.913296 2 261
0 252 540 0.804338 1 262
1 655 498 0.708208 2 263
0 17 713 0.907344 3 263
0 511 488 0.646201 1 263
0 540 217 0.808646 2 265
0 736 432 0.803633 1 265
0 432 17 0.284243 1 265
1 187 687 0.753846 3 265
0 109 115 0.700522 3 266
0 498 462 0.398955 2 266
0 618 687 0.763648 3 266
0 187 687 0.698228 1 266
0 385 710 0.807761 2 267
0 17 661 0.531674 3 267
0 377 526 0.662696 3 267
0 762 681 0.883573 3 267
0 187 618 0.295774 3 267
0 204 710 0.274024 1 268
0 377 526 0.749572 3 269
0 141 411 0.823054 2 271
0 520 655 0.279212 2 271
0 762 237 0.596499 2 272
0 520 115 0.315779 2 272
0 432 661 0.383698 1 272
0 252 444 0.29943 1 272
0 661 296 0.806042 1 272
0 252 616 0.45886 1 272
0 616 540 0.851687 1 272
0 713 762 0.351884 2 273
0 411 10 0.536675 2 273
0 661 736 0.258266 1 273
0 687 361 0.882478 1 273
0 17 661 0.590591 1 273
1 710 385 0.227823 1 273
0 109 10 0.882271 2 274
0 109 411 0.891803 2 274
0 710 385 0.231398 1 274
0 115 498 0.562401 2 274
0 203 540 0.854698 1 274
0 17 736 0.393308 3 275
1 710 204 0.625984 1 276
0 115 655 0.51169 3 276
0 17 661 0.639987 3 276
1 661 17 0.290323 3 276
0 661 736 0.398005 3 277
0 17 661 0.71027 5 277
1 296 180 0.619347 2 277
0 385 681 0.939804 2 278
0 237 180 0.595495 2 278
0 540 115 0.667333 2 279
0 296 237 0.44661 2 279
0 17 296 0.767653 1 279
0 203 252 0.698768 1 279
0 713 762 0.552561 1 279
0 444 616 0.605194 1 279
0 616 252 0.612372 2 280
1 498 616 0.0734346 2 280
0 377 411 0.823696 1 280
0 713 296 0.687254 1 280
0 520 618 0.652308 1 281
0 17 713 0.851289 1 281
0 187 520 0.210507 3 282
0 618 187 0.599455 3 282
1 655 115 0.579436 2 286
0 616 203 0.232894 1 286
1 520 540 0.255582 2 286
0 432 180 0.780928 3 286
1 296 762 0.418615 2 286
0 713 432 0.292968 1 286
0 17 736 0.600417 1 286
1 237 713 0 3 286
0 710 681 0.771227 1 287
0 204 681 0.820374 2 287
1 762 180 0.791717 2 287
1 115 520 0.628766 3 287
0 296 736 0.307347 1 287
1 444 203 0.301883 1 287
0 540 655 0.595513 3 287
0 203 444 0.626143 1 287
0 385 681 0.906036 1 288
0 713 237 0.685513 3 288
0 324 687 0.694806 3 288
1 252 115 0.788246 2 288
0 17 762 0.813995 1 288
0 736 713 0.673663 1 288
0 713 762 0.622781 1 288
0 377 109 0.6872 2 289
0 661 432 0.628972 5 289
0 385 710 0.751638 1 289
0 520 540 0.23012 2 291
0 141 411 0.66184 1 291
0 710 681 0.814747 1 291
1 17 296 0.890426 2 291
0 17 432 0.785406 1 291
0 17 713 0.840945 1 291
0 736 661 0.442906 1 291
0 681 710 0.242196 1 292
0 655 324 0.734349 1 292
0 115 520 0.626097 3 292
0 736 661 0.537827 1 292
0 432 713 0.743938 1 292
0 713 296 0.580898 1 292
0 618 324 0.760854 1 293
0 488 655 0.175203 2 293
0 17 661 0.594222 1 293
0 661 296 0.679301 1 293
0 444 203 0.401596 1 293
0 736 296 0.803507 1 293
0 616 203 0.271889 1 293
1 385 710 0.589656 1 293
1 135 377 0.55197 1 293
0 252 616 0.392139 1 294
0 661 17 0.319304 1 294
0 444 252 0.598554 1 294
0 736 296 0.705428 1 294
1 655 115 0.310296 2 293
0 713 237 0.660577 3 294
1 655 540 0.470566 3 294
1 762 661 0.406916 1 294
0 377 135 0.430412 1 295
0 736 17 0.424231 1 295
0 616 540 0.846835 1 295
1 109 141 0.533021 3 296
0 616 444 0.387508 1 297
0 17 661 0.560488 1 297
0 109 135 0.422786 1 298
0 377 109 0.610863 1 298
0 432 296 0.744998 1 298
0 762 432 0.303419 1 298
0 17 237 0.908928 1 301
0 616 444 0.394579 1 301
0 135 655 0.713789 1 302
0 385 736 0.160959 1 302
0 444 377 0.672877 1 302
0 762 237 0.693452 1 302
0 444 616 0.625566 3 303
0 432 385 0.614623 3 304
0 203 252 0.860123 3 305
0 17 296 0.79665 1 307
0 17 296 0.647381 1 307
0 444 203 0.317252 1 307
0 710 681 0.567837 1 308
0 710 681 0.651733 3 308
0 109 377 0.355259 1 308
0 520 187 0.420878 1 308
1 713 661 0.295504 1 308
0 209 376 0.667002 3 308
0 762 432 0.295233 3 310
0 655 115 0.343752 2 309
1 115 540 0.357292 2 309
0 209 376 0.657595 1 309
0 109 135 0.444446 1 310
0 762 385 0.445904 3 311
1 385 762 0 3 311
0 661 713 0.706005 3 311
0 141 377 0.390116 3 311
0 661 762 0.695772 5 312
0 203 115 0.901412 3 313
0 296 180 0.534986 3 313
0 540 444 0.222438 1 314
0 203 540 0.866563 1 314
0 511 187 0.485546 3 315
0 655 520 0.74709 3 315
0 520 187 0.554067 1 315
0 411 10 0.530976 3 315
1 10 411 0.396226 3 314
0 141 109 0.40085 3 316
0 762 736 0.352029 1 315
0 385 681 0.727734 1 316
0 377 135 0.538006 1 316
0 762 661 0.371441 1 315
0 377 141 0.555512 1 316
0 655 511 0.73091 3 316
1 661 180 0.683887 3 316
0 511 520 0.661349 1 316
0 736 432 0.546928 1 316
0 713 661 0.275583 1 316
0 736 713 0.723071 1 316
0 655 511 0.850684 3 316
0 385 710 0.719583 1 317
0 385 681 0.887733 1 318
0 526 109 0.426336 1 318
0 135 141 0.547054 1 318
0 526 109 0.400166 1 320
0 377 115 0.640435 1 321
0 377 541 0.916875 1 321
0 115 541 0.799068 1 322
0 736 661 0.449854 1 318
0 377 135 0.416505 1 319
0 377 109 0.630565 3 319
0 444 616 0.824371 1 319
0 661 296 0.681124 1 319
0 661 296 0.694312 1 319
0 655 540 0.387778 1 319
0 135 377 0.55576 3 319
0 661 762 0.468887 1 320
0 736 432 0.698618 3 320
0 17 296 0.861106 3 321
0 135 411 0.888953 1 321
0 713 661 0.338239 1 321
0 432 296 0.66112 1 321
0 17 762 0.679112 1 321
0 432 661 0.565221 1 321
0 296 762 0.504351 1 321
0 444 616 0.566334 1 321
0 385 681 0.903023 1 321
0 377 411 0.915896 3 322
0 385 204 0.876607 3 322
0 736 17 0.526421 3 322
0 661 237 0.756972 3 322
0 135 526 0.788993 3 322
0 237 180 0.482261 5 323
0 135 377 0.558156 3 323
0 526 377 0.270581 3 323
0 135 526 0.827869 3 323
0 141 109 0.567407 1 324
0 252 109 0.901258 3 325
0 432 385 0.643443 3 326
0 632 655 0.166972 3 325
0 655 632 0.579995 5 326
0 432 17 0.290298 3 327
0 655 324 0.805778 3 327
0 736 713 0.936719 3 328
0 444 203 0.360817 1 330
0 736 385 0.816149 1 330
1 115 618 0.618357 1 328
0 163 411 0.448819 3 330
0 17 661 0.662208 1 330
0 736 661 0.739324 3 332
0 385 17 0.270905 3 332
0 736 385 0.67553 3 332
0 209 115 0.210221 3 333
0 17 713 0.870787 3 334
0 540 252 0.171237 3 335
0 713 432 0.285648 3 335
0 17 180 0.877731 3 335
0 163 411 0.65457 5 336
0 203 655 0.908774 3 336
0 616 203 0.342659 3 337
0 444 540 0.760702 3 338
0 736 17 0.687513 3 338
0 109 10 0.666561 1 339
1 109 141 0.323015 0 340
0 180 432 0.12895 3 340
0 296 661 0.286517 3 341
0 17 180 0.713099 3 341
0 713 296 0.572584 3 342
0 252 655 0.835285 2 342
1 762 296 0.687938 2 343
0 203 377 0.823749 3 344
0 432 385 0.498876 3 345
