23.0000000 0.0400000 0.2039358
23.0000000 0.0412000 0.2039311
23.0000000 0.0424000 0.2039265
23.0000000 0.0436000 0.2039220
23.0000000 0.0448000 0.2039176
23.0000000 0.0460000 0.2039133
23.0000000 0.0472000 0.2039091
23.0000000 0.0484000 0.2039050
23.0000000 0.0496000 0.2039010
23.0000000 0.0508000 0.2038971
23.0000000 0.0520000 0.2038933
23.0000000 0.0532000 0.2038895
23.0000000 0.0544000 0.2038859
23.0000000 0.0556000 0.2038824
23.0000000 0.0568000 0.2038790
23.0000000 0.0580000 0.2038756
23.0000000 0.0592000 0.2038724
23.0000000 0.0604000 0.2038692
23.0000000 0.0616000 0.2038662
23.0000000 0.0628000 0.2038632
23.0000000 0.0640000 0.2038604
23.0000000 0.0652000 0.2038576
23.0000000 0.0664000 0.2038549
23.0000000 0.0676000 0.2038524
23.0000000 0.0688000 0.2038499
23.4800000 0.0400000 0.2038993
23.4800000 0.0412000 0.2038950
23.4800000 0.0424000 0.2038908
23.4800000 0.0436000 0.2038867
23.4800000 0.0448000 0.2038827
23.4800000 0.0460000 0.2038787
23.4800000 0.0472000 0.2038749
23.4800000 0.0484000 0.2038712
23.4800000 0.0496000 0.2038675
23.4800000 0.0508000 0.2038640
23.4800000 0.0520000 0.2038606
23.4800000 0.0532000 0.2038572
23.4800000 0.0544000 0.2038540
23.4800000 0.0556000 0.2038509
23.4800000 0.0568000 0.2038478
23.4800000 0.0580000 0.2038449
23.4800000 0.0592000 0.2038420
23.4800000 0.0604000 0.2038393
23.4800000 0.0616000 0.2038366
23.4800000 0.0628000 0.2038341
23.4800000 0.0640000 0.2038316
23.4800000 0.0652000 0.2038292
23.4800000 0.0664000 0.2038270
23.4800000 0.0676000 0.2038248
23.4800000 0.0688000 0.2038227
23.9600000 0.0400000 0.2038680
23.9600000 0.0412000 0.2038640
23.9600000 0.0424000 0.2038602
23.9600000 0.0436000 0.2038565
23.9600000 0.0448000 0.2038528
23.9600000 0.0460000 0.2038493
23.9600000 0.0472000 0.2038458
23.9600000 0.0484000 0.2038425
23.9600000 0.0496000 0.2038393
23.9600000 0.0508000 0.2038361
23.9600000 0.0520000 0.2038331
23.9600000 0.0532000 0.2038301
23.9600000 0.0544000 0.2038273
23.9600000 0.0556000 0.2038245
23.9600000 0.0568000 0.2038219
23.9600000 0.0580000 0.2038193
23.9600000 0.0592000 0.2038169
23.9600000 0.0604000 0.2038145
23.9600000 0.0616000 0.2038123
23.9600000 0.0628000 0.2038101
23.9600000 0.0640000 0.2038080
23.9600000 0.0652000 0.2038061
23.9600000 0.0664000 0.2038042
23.9600000 0.0676000 0.2038024
23.9600000 0.0688000 0.2038008
24.4400000 0.0400000 0.2038416
24.4400000 0.0412000 0.2038381
24.4400000 0.0424000 0.2038346
24.4400000 0.0436000 0.2038312
24.4400000 0.0448000 0.2038280
24.4400000 0.0460000 0.2038248
24.4400000 0.0472000 0.2038218
24.4400000 0.0484000 0.2038188
24.4400000 0.0496000 0.2038160
24.4400000 0.0508000 0.2038132
24.4400000 0.0520000 0.2038106
24.4400000 0.0532000 0.2038080
24.4400000 0.0544000 0.2038056
24.4400000 0.0556000 0.2038032
24.4400000 0.0568000 0.2038010
24.4400000 0.0580000 0.2037988
24.4400000 0.0592000 0.2037967
24.4400000 0.0604000 0.2037948
24.4400000 0.0616000 0.2037929
24.4400000 0.0628000 0.2037912
24.4400000 0.0640000 0.2037895
24.4400000 0.0652000 0.2037880
24.4400000 0.0664000 0.2037865
24.4400000 0.0676000 0.2037851
24.4400000 0.0688000 0.2037839
24.9200000 0.0400000 0.2038200
24.9200000 0.0412000 0.2038169
24.9200000 0.0424000 0.2038138
24.9200000 0.0436000 0.2038108
24.9200000 0.0448000 0.2038080
24.9200000 0.0460000 0.2038052
24.9200000 0.0472000 0.2038026
24.9200000 0.0484000 0.2038000
24.9200000 0.0496000 0.2037975
24.9200000 0.0508000 0.2037952
24.9200000 0.0520000 0.2037929
24.9200000 0.0532000 0.2037908
24.9200000 0.0544000 0.2037887
24.9200000 0.0556000 0.2037867
24.9200000 0.0568000 0.2037849
24.9200000 0.0580000 0.2037831
24.9200000 0.0592000 0.2037815
24.9200000 0.0604000 0.2037799
24.9200000 0.0616000 0.2037785
24.9200000 0.0628000 0.2037771
24.9200000 0.0640000 0.2037759
24.9200000 0.0652000 0.2037747
24.9200000 0.0664000 0.2037736
24.9200000 0.0676000 0.2037727
24.9200000 0.0688000 0.2037718
25.4000000 0.0400000 0.2038031
25.4000000 0.0412000 0.2038004
25.4000000 0.0424000 0.2037977
25.4000000 0.0436000 0.2037951
25.4000000 0.0448000 0.2037926
25.4000000 0.0460000 0.2037903
25.4000000 0.0472000 0.2037880
25.4000000 0.0484000 0.2037858
25.4000000 0.0496000 0.2037838
25.4000000 0.0508000 0.2037818
25.4000000 0.0520000 0.2037799
25.4000000 0.0532000 0.2037782
25.4000000 0.0544000 0.2037765
25.4000000 0.0556000 0.2037749
25.4000000 0.0568000 0.2037735
25.4000000 0.0580000 0.2037721
25.4000000 0.0592000 0.2037709
25.4000000 0.0604000 0.2037697
25.4000000 0.0616000 0.2037687
25.4000000 0.0628000 0.2037677
25.4000000 0.0640000 0.2037669
25.4000000 0.0652000 0.2037661
25.4000000 0.0664000 0.2037655
25.4000000 0.0676000 0.2037649
25.4000000 0.0688000 0.2037645
25.8800000 0.0400000 0.2037907
25.8800000 0.0412000 0.2037883
25.8800000 0.0424000 0.2037861
25.8800000 0.0436000 0.2037839
25.8800000 0.0448000 0.2037818
25.8800000 0.0460000 0.2037798
25.8800000 0.0472000 0.2037779
25.8800000 0.0484000 0.2037762
25.8800000 0.0496000 0.2037745
25.8800000 0.0508000 0.2037729
25.8800000 0.0520000 0.2037715
25.8800000 0.0532000 0.2037701
25.8800000 0.0544000 0.2037688
25.8800000 0.0556000 0.2037677
25.8800000 0.0568000 0.2037666
25.8800000 0.0580000 0.2037657
25.8800000 0.0592000 0.2037648
25.8800000 0.0604000 0.2037641
25.8800000 0.0616000 0.2037634
25.8800000 0.0628000 0.2037629
25.8800000 0.0640000 0.2037625
25.8800000 0.0652000 0.2037621
25.8800000 0.0664000 0.2037619
25.8800000 0.0676000 0.2037617
25.8800000 0.0688000 0.2037617
26.3600000 0.0400000 0.2037827
26.3600000 0.0412000 0.2037807
26.3600000 0.0424000 0.2037788
26.3600000 0.0436000 0.2037770
26.3600000 0.0448000 0.2037753
26.3600000 0.0460000 0.2037737
26.3600000 0.0472000 0.2037723
26.3600000 0.0484000 0.2037709
26.3600000 0.0496000 0.2037696
26.3600000 0.0508000 0.2037684
26.3600000 0.0520000 0.2037674
26.3600000 0.0532000 0.2037664
26.3600000 0.0544000 0.2037656
26.3600000 0.0556000 0.2037648
26.3600000 0.0568000 0.2037642
26.3600000 0.0580000 0.2037636
26.3600000 0.0592000 0.2037632
26.3600000 0.0604000 0.2037628
26.3600000 0.0616000 0.2037626
26.3600000 0.0628000 0.2037625
26.3600000 0.0640000 0.2037624
26.3600000 0.0652000 0.2037625
26.3600000 0.0664000 0.2037627
26.3600000 0.0676000 0.2037630
26.3600000 0.0688000 0.2037633
26.8400000 0.0400000 0.2037789
26.8400000 0.0412000 0.2037773
26.8400000 0.0424000 0.2037758
26.8400000 0.0436000 0.2037744
26.8400000 0.0448000 0.2037731
26.8400000 0.0460000 0.2037719
26.8400000 0.0472000 0.2037708
26.8400000 0.0484000 0.2037698
26.8400000 0.0496000 0.2037690
26.8400000 0.0508000 0.2037682
26.8400000 0.0520000 0.2037675
26.8400000 0.0532000 0.2037670
26.8400000 0.0544000 0.2037665
26.8400000 0.0556000 0.2037662
26.8400000 0.0568000 0.2037659
26.8400000 0.0580000 0.2037658
26.8400000 0.0592000 0.2037658
26.8400000 0.0604000 0.2037658
26.8400000 0.0616000 0.2037660
26.8400000 0.0628000 0.2037663
26.8400000 0.0640000 0.2037667
26.8400000 0.0652000 0.2037672
26.8400000 0.0664000 0.2037678
26.8400000 0.0676000 0.2037684
26.8400000 0.0688000 0.2037692
27.3200000 0.0400000 0.2037791
27.3200000 0.0412000 0.2037779
27.3200000 0.0424000 0.2037768
27.3200000 0.0436000 0.2037758
27.3200000 0.0448000 0.2037749
27.3200000 0.0460000 0.2037742
27.3200000 0.0472000 0.2037735
27.3200000 0.0484000 0.2037729
27.3200000 0.0496000 0.2037724
27.3200000 0.0508000 0.2037721
27.3200000 0.0520000 0.2037718
27.3200000 0.0532000 0.2037717
27.3200000 0.0544000 0.2037716
27.3200000 0.0556000 0.2037717
27.3200000 0.0568000 0.2037719
27.3200000 0.0580000 0.2037721
27.3200000 0.0592000 0.2037725
27.3200000 0.0604000 0.2037730
27.3200000 0.0616000 0.2037736
27.3200000 0.0628000 0.2037743
27.3200000 0.0640000 0.2037751
27.3200000 0.0652000 0.2037760
27.3200000 0.0664000 0.2037770
27.3200000 0.0676000 0.2037781
27.3200000 0.0688000 0.2037793
27.8000000 0.0400000 0.2037834
27.8000000 0.0412000 0.2037826
27.8000000 0.0424000 0.2037819
27.8000000 0.0436000 0.2037813
27.8000000 0.0448000 0.2037808
27.8000000 0.0460000 0.2037804
27.8000000 0.0472000 0.2037801
27.8000000 0.0484000 0.2037800
27.8000000 0.0496000 0.2037799
27.8000000 0.0508000 0.2037799
27.8000000 0.0520000 0.2037801
27.8000000 0.0532000 0.2037804
27.8000000 0.0544000 0.2037807
27.8000000 0.0556000 0.2037812
27.8000000 0.0568000 0.2037818
27.8000000 0.0580000 0.2037825
27.8000000 0.0592000 0.2037832
27.8000000 0.0604000 0.2037841
27.8000000 0.0616000 0.2037851
27.8000000 0.0628000 0.2037862
27.8000000 0.0640000 0.2037875
27.8000000 0.0652000 0.2037888
27.8000000 0.0664000 0.2037902
27.8000000 0.0676000 0.2037917
27.8000000 0.0688000 0.2037934
28.2800000 0.0400000 0.2037915
28.2800000 0.0412000 0.2037911
28.2800000 0.0424000 0.2037908
28.2800000 0.0436000 0.2037906
28.2800000 0.0448000 0.2037905
28.2800000 0.0460000 0.2037905
28.2800000 0.0472000 0.2037907
28.2800000 0.0484000 0.2037909
28.2800000 0.0496000 0.2037912
28.2800000 0.0508000 0.2037917
28.2800000 0.0520000 0.2037923
28.2800000 0.0532000 0.2037929
28.2800000 0.0544000 0.2037937
28.2800000 0.0556000 0.2037946
28.2800000 0.0568000 0.2037956
28.2800000 0.0580000 0.2037967
28.2800000 0.0592000 0.2037979
28.2800000 0.0604000 0.2037992
28.2800000 0.0616000 0.2038006
28.2800000 0.0628000 0.2038021
28.2800000 0.0640000 0.2038037
28.2800000 0.0652000 0.2038055
28.2800000 0.0664000 0.2038073
28.2800000 0.0676000 0.2038093
28.2800000 0.0688000 0.2038113
28.7600000 0.0400000 0.2038034
28.7600000 0.0412000 0.2038033
28.7600000 0.0424000 0.2038035
28.7600000 0.0436000 0.2038037
28.7600000 0.0448000 0.2038040
28.7600000 0.0460000 0.2038044
28.7600000 0.0472000 0.2038049
28.7600000 0.0484000 0.2038056
28.7600000 0.0496000 0.2038063
28.7600000 0.0508000 0.2038072
28.7600000 0.0520000 0.2038082
28.7600000 0.0532000 0.2038093
28.7600000 0.0544000 0.2038104
28.7600000 0.0556000 0.2038117
28.7600000 0.0568000 0.2038131
28.7600000 0.0580000 0.2038147
28.7600000 0.0592000 0.2038163
28.7600000 0.0604000 0.2038180
28.7600000 0.0616000 0.2038198
28.7600000 0.0628000 0.2038218
28.7600000 0.0640000 0.2038238
28.7600000 0.0652000 0.2038260
28.7600000 0.0664000 0.2038282
28.7600000 0.0676000 0.2038306
28.7600000 0.0688000 0.2038331
29.2400000 0.0400000 0.2038189
29.2400000 0.0412000 0.2038193
29.2400000 0.0424000 0.2038198
29.2400000 0.0436000 0.2038204
29.2400000 0.0448000 0.2038211
29.2400000 0.0460000 0.2038219
29.2400000 0.0472000 0.2038229
29.2400000 0.0484000 0.2038240
29.2400000 0.0496000 0.2038251
29.2400000 0.0508000 0.2038264
29.2400000 0.0520000 0.2038278
29.2400000 0.0532000 0.2038293
29.2400000 0.0544000 0.2038309
29.2400000 0.0556000 0.2038326
29.2400000 0.0568000 0.2038344
29.2400000 0.0580000 0.2038363
29.2400000 0.0592000 0.2038384
29.2400000 0.0604000 0.2038405
29.2400000 0.0616000 0.2038428
29.2400000 0.0628000 0.2038451
29.2400000 0.0640000 0.2038476
29.2400000 0.0652000 0.2038502
29.2400000 0.0664000 0.2038528
29.2400000 0.0676000 0.2038556
29.2400000 0.0688000 0.2038585
29.7200000 0.0400000 0.2038379
29.7200000 0.0412000 0.2038387
29.7200000 0.0424000 0.2038396
29.7200000 0.0436000 0.2038407
29.7200000 0.0448000 0.2038418
29.7200000 0.0460000 0.2038430
29.7200000 0.0472000 0.2038444
29.7200000 0.0484000 0.2038459
29.7200000 0.0496000 0.2038474
29.7200000 0.0508000 0.2038491
29.7200000 0.0520000 0.2038509
29.7200000 0.0532000 0.2038528
29.7200000 0.0544000 0.2038549
29.7200000 0.0556000 0.2038570
29.7200000 0.0568000 0.2038592
29.7200000 0.0580000 0.2038616
29.7200000 0.0592000 0.2038640
29.7200000 0.0604000 0.2038666
29.7200000 0.0616000 0.2038693
29.7200000 0.0628000 0.2038720
29.7200000 0.0640000 0.2038749
29.7200000 0.0652000 0.2038779
29.7200000 0.0664000 0.2038810
29.7200000 0.0676000 0.2038843
29.7200000 0.0688000 0.2038876
30.2000000 0.0400000 0.2038604
30.2000000 0.0412000 0.2038616
30.2000000 0.0424000 0.2038630
30.2000000 0.0436000 0.2038644
30.2000000 0.0448000 0.2038659
30.2000000 0.0460000 0.2038676
30.2000000 0.0472000 0.2038694
30.2000000 0.0484000 0.2038713
30.2000000 0.0496000 0.2038732
30.2000000 0.0508000 0.2038754
30.2000000 0.0520000 0.2038776
30.2000000 0.0532000 0.2038799
30.2000000 0.0544000 0.2038823
30.2000000 0.0556000 0.2038849
30.2000000 0.0568000 0.2038875
30.2000000 0.0580000 0.2038903
30.2000000 0.0592000 0.2038932
30.2000000 0.0604000 0.2038961
30.2000000 0.0616000 0.2038992
30.2000000 0.0628000 0.2039024
30.2000000 0.0640000 0.2039058
30.2000000 0.0652000 0.2039092
30.2000000 0.0664000 0.2039127
30.2000000 0.0676000 0.2039164
30.2000000 0.0688000 0.2039201
30.6800000 0.0400000 0.2038863
30.6800000 0.0412000 0.2038879
30.6800000 0.0424000 0.2038897
30.6800000 0.0436000 0.2038915
30.6800000 0.0448000 0.2038935
30.6800000 0.0460000 0.2038955
30.6800000 0.0472000 0.2038977
30.6800000 0.0484000 0.2039000
30.6800000 0.0496000 0.2039024
30.6800000 0.0508000 0.2039049
30.6800000 0.0520000 0.2039076
30.6800000 0.0532000 0.2039103
30.6800000 0.0544000 0.2039132
30.6800000 0.0556000 0.2039161
30.6800000 0.0568000 0.2039192
30.6800000 0.0580000 0.2039224
30.6800000 0.0592000 0.2039257
30.6800000 0.0604000 0.2039291
30.6800000 0.0616000 0.2039326
30.6800000 0.0628000 0.2039363
30.6800000 0.0640000 0.2039400
30.6800000 0.0652000 0.2039439
30.6800000 0.0664000 0.2039478
30.6800000 0.0676000 0.2039519
30.6800000 0.0688000 0.2039561
31.1600000 0.0400000 0.2039155
31.1600000 0.0412000 0.2039175
31.1600000 0.0424000 0.2039196
31.1600000 0.0436000 0.2039219
31.1600000 0.0448000 0.2039243
31.1600000 0.0460000 0.2039268
31.1600000 0.0472000 0.2039294
31.1600000 0.0484000 0.2039321
31.1600000 0.0496000 0.2039349
31.1600000 0.0508000 0.2039378
31.1600000 0.0520000 0.2039409
31.1600000 0.0532000 0.2039441
31.1600000 0.0544000 0.2039473
31.1600000 0.0556000 0.2039507
31.1600000 0.0568000 0.2039542
31.1600000 0.0580000 0.2039578
31.1600000 0.0592000 0.2039615
31.1600000 0.0604000 0.2039654
31.1600000 0.0616000 0.2039693
31.1600000 0.0628000 0.2039734
31.1600000 0.0640000 0.2039775
31.1600000 0.0652000 0.2039818
31.1600000 0.0664000 0.2039862
31.1600000 0.0676000 0.2039907
31.1600000 0.0688000 0.2039953
31.6400000 0.0400000 0.2039478
31.6400000 0.0412000 0.2039503
31.6400000 0.0424000 0.2039528
31.6400000 0.0436000 0.2039555
31.6400000 0.0448000 0.2039583
31.6400000 0.0460000 0.2039612
31.6400000 0.0472000 0.2039642
31.6400000 0.0484000 0.2039673
31.6400000 0.0496000 0.2039706
31.6400000 0.0508000 0.2039740
31.6400000 0.0520000 0.2039774
31.6400000 0.0532000 0.2039810
31.6400000 0.0544000 0.2039847
31.6400000 0.0556000 0.2039885
31.6400000 0.0568000 0.2039924
31.6400000 0.0580000 0.2039965
31.6400000 0.0592000 0.2040006
31.6400000 0.0604000 0.2040049
31.6400000 0.0616000 0.2040092
31.6400000 0.0628000 0.2040137
31.6400000 0.0640000 0.2040183
31.6400000 0.0652000 0.2040230
31.6400000 0.0664000 0.2040279
31.6400000 0.0676000 0.2040328
31.6400000 0.0688000 0.2040378
32.1200000 0.0400000 0.2039833
32.1200000 0.0412000 0.2039862
32.1200000 0.0424000 0.2039891
32.1200000 0.0436000 0.2039922
32.1200000 0.0448000 0.2039954
32.1200000 0.0460000 0.2039988
32.1200000 0.0472000 0.2040022
32.1200000 0.0484000 0.2040058
32.1200000 0.0496000 0.2040094
32.1200000 0.0508000 0.2040132
32.1200000 0.0520000 0.2040171
32.1200000 0.0532000 0.2040211
32.1200000 0.0544000 0.2040252
32.1200000 0.0556000 0.2040295
32.1200000 0.0568000 0.2040338
32.1200000 0.0580000 0.2040383
32.1200000 0.0592000 0.2040428
32.1200000 0.0604000 0.2040475
32.1200000 0.0616000 0.2040523
32.1200000 0.0628000 0.2040572
32.1200000 0.0640000 0.2040623
32.1200000 0.0652000 0.2040674
32.1200000 0.0664000 0.2040727
32.1200000 0.0676000 0.2040780
32.1200000 0.0688000 0.2040835
32.6000000 0.0400000 0.2040218
32.6000000 0.0412000 0.2040251
32.6000000 0.0424000 0.2040285
32.6000000 0.0436000 0.2040320
32.6000000 0.0448000 0.2040356
32.6000000 0.0460000 0.2040394
32.6000000 0.0472000 0.2040432
32.6000000 0.0484000 0.2040472
32.6000000 0.0496000 0.2040513
32.6000000 0.0508000 0.2040555
32.6000000 0.0520000 0.2040598
32.6000000 0.0532000 0.2040643
32.6000000 0.0544000 0.2040688
32.6000000 0.0556000 0.2040735
32.6000000 0.0568000 0.2040782
32.6000000 0.0580000 0.2040831
32.6000000 0.0592000 0.2040881
32.6000000 0.0604000 0.2040932
32.6000000 0.0616000 0.2040985
32.6000000 0.0628000 0.2041038
32.6000000 0.0640000 0.2041093
32.6000000 0.0652000 0.2041148
32.6000000 0.0664000 0.2041205
32.6000000 0.0676000 0.2041263
32.6000000 0.0688000 0.2041322
33.0800000 0.0400000 0.2040633
33.0800000 0.0412000 0.2040670
33.0800000 0.0424000 0.2040708
33.0800000 0.0436000 0.2040748
33.0800000 0.0448000 0.2040788
33.0800000 0.0460000 0.2040830
33.0800000 0.0472000 0.2040873
33.0800000 0.0484000 0.2040917
33.0800000 0.0496000 0.2040962
33.0800000 0.0508000 0.2041008
33.0800000 0.0520000 0.2041056
33.0800000 0.0532000 0.2041104
33.0800000 0.0544000 0.2041154
33.0800000 0.0556000 0.2041205
33.0800000 0.0568000 0.2041257
33.0800000 0.0580000 0.2041310
33.0800000 0.0592000 0.2041364
33.0800000 0.0604000 0.2041420
33.0800000 0.0616000 0.2041476
33.0800000 0.0628000 0.2041534
33.0800000 0.0640000 0.2041593
33.0800000 0.0652000 0.2041653
33.0800000 0.0664000 0.2041714
33.0800000 0.0676000 0.2041777
33.0800000 0.0688000 0.2041840
33.5600000 0.0400000 0.2041077
33.5600000 0.0412000 0.2041119
33.5600000 0.0424000 0.2041161
33.5600000 0.0436000 0.2041205
33.5600000 0.0448000 0.2041249
33.5600000 0.0460000 0.2041295
33.5600000 0.0472000 0.2041342
33.5600000 0.0484000 0.2041390
33.5600000 0.0496000 0.2041440
33.5600000 0.0508000 0.2041490
33.5600000 0.0520000 0.2041542
33.5600000 0.0532000 0.2041595
33.5600000 0.0544000 0.2041649
33.5600000 0.0556000 0.2041704
33.5600000 0.0568000 0.2041760
33.5600000 0.0580000 0.2041818
33.5600000 0.0592000 0.2041877
33.5600000 0.0604000 0.2041936
33.5600000 0.0616000 0.2041997
33.5600000 0.0628000 0.2042059
33.5600000 0.0640000 0.2042123
33.5600000 0.0652000 0.2042187
33.5600000 0.0664000 0.2042253
33.5600000 0.0676000 0.2042319
33.5600000 0.0688000 0.2042387
34.0400000 0.0400000 0.2041550
34.0400000 0.0412000 0.2041595
34.0400000 0.0424000 0.2041642
34.0400000 0.0436000 0.2041690
34.0400000 0.0448000 0.2041739
34.0400000 0.0460000 0.2041789
34.0400000 0.0472000 0.2041840
34.0400000 0.0484000 0.2041893
34.0400000 0.0496000 0.2041946
34.0400000 0.0508000 0.2042001
34.0400000 0.0520000 0.2042057
34.0400000 0.0532000 0.2042114
34.0400000 0.0544000 0.2042173
34.0400000 0.0556000 0.2042232
34.0400000 0.0568000 0.2042293
34.0400000 0.0580000 0.2042355
34.0400000 0.0592000 0.2042418
34.0400000 0.0604000 0.2042482
34.0400000 0.0616000 0.2042547
34.0400000 0.0628000 0.2042613
34.0400000 0.0640000 0.2042681
34.0400000 0.0652000 0.2042750
34.0400000 0.0664000 0.2042820
34.0400000 0.0676000 0.2042891
34.0400000 0.0688000 0.2042963
34.5200000 0.0400000 0.2042050
34.5200000 0.0412000 0.2042100
34.5200000 0.0424000 0.2042151
34.5200000 0.0436000 0.2042203
34.5200000 0.0448000 0.2042256
34.5200000 0.0460000 0.2042311
34.5200000 0.0472000 0.2042366
34.5200000 0.0484000 0.2042423
34.5200000 0.0496000 0.2042481
34.5200000 0.0508000 0.2042540
34.5200000 0.0520000 0.2042600
34.5200000 0.0532000 0.2042662
34.5200000 0.0544000 0.2042725
34.5200000 0.0556000 0.2042788
34.5200000 0.0568000 0.2042853
34.5200000 0.0580000 0.2042919
34.5200000 0.0592000 0.2042987
34.5200000 0.0604000 0.2043055
34.5200000 0.0616000 0.2043125
34.5200000 0.0628000 0.2043196
34.5200000 0.0640000 0.2043268
34.5200000 0.0652000 0.2043341
34.5200000 0.0664000 0.2043415
34.5200000 0.0676000 0.2043490
34.5200000 0.0688000 0.2043567
35.0000000 0.0400000 0.2042578
35.0000000 0.0412000 0.2042632
35.0000000 0.0424000 0.2042687
35.0000000 0.0436000 0.2042744
35.0000000 0.0448000 0.2042801
35.0000000 0.0460000 0.2042860
35.0000000 0.0472000 0.2042920
35.0000000 0.0484000 0.2042981
35.0000000 0.0496000 0.2043043
35.0000000 0.0508000 0.2043106
35.0000000 0.0520000 0.2043171
35.0000000 0.0532000 0.2043237
35.0000000 0.0544000 0.2043304
35.0000000 0.0556000 0.2043372
35.0000000 0.0568000 0.2043441
35.0000000 0.0580000 0.2043512
35.0000000 0.0592000 0.2043583
35.0000000 0.0604000 0.2043656
35.0000000 0.0616000 0.2043730
35.0000000 0.0628000 0.2043805
35.0000000 0.0640000 0.2043882
35.0000000 0.0652000 0.2043959
35.0000000 0.0664000 0.2044038
35.0000000 0.0676000 0.2044118
35.0000000 0.0688000 0.2044199
