0.1 1.49 416.424
0.101515 1.49 416.538
0.10303 1.49 416.652
0.104545 1.49 416.765
0.106061 1.49 416.878
0.107576 1.49 416.99
0.109091 1.49 417.102
0.110606 1.49 417.213
0.112121 1.49 417.324
0.113636 1.49 417.434
0.115152 1.49 417.544
0.116667 1.49 417.653
0.118182 1.49 417.762
0.119697 1.49 417.87
0.121212 1.49 417.978
0.122727 1.49 418.085
0.124242 1.49 418.192
0.125758 1.49 418.298
0.127273 1.49 418.404
0.128788 1.49 418.509
0.130303 1.49 418.614
0.131818 1.49 418.719
0.133333 1.49 418.823
0.134848 1.49 418.927
0.136364 1.48424 419.03
0.137879 1.48 419.132
0.139394 1.48 419.234
0.140909 1.48 419.335
0.142424 1.48 419.436
0.143939 1.48 419.536
0.145455 1.48 419.636
0.14697 1.48 419.736
0.148485 1.48 419.835
