1 0.5000000 885.0640505
1 0.5100000 885.5759709
1 0.5200000 886.0813354
1 0.5300000 886.5802998
1 0.5400000 887.0730136
1 0.5500000 887.5596198
1 0.5600000 888.0402558
1 0.5700000 888.5150535
1 0.5800000 888.9841394
1 0.5900000 889.4476349
1 0.6000000 889.9056568
1 0.6100000 890.3583173
1 0.6200000 890.8057243
1 0.6300000 891.2479817
1 0.6400000 891.6851893
1 0.6500000 892.1174435
1 0.6600000 892.5448370
1 0.6700000 892.9674593
1 0.6800000 893.3853965
1 0.6900000 893.7987322
1 0.7000000 894.2075466
1 0.7100000 894.6119176
1 0.7200000 895.0119204
1 0.7300000 895.4076278
1 0.7400000 895.7991103
1 0.7500000 896.1864362
1 0.7600000 896.5696719
1 0.7700000 896.9488816
1 0.7800000 897.3241279
1 0.7900000 897.6954716
2 0.5000000 883.5395792
2 0.5100000 884.0146884
2 0.5200000 884.4837888
2 0.5300000 884.9470244
2 0.5400000 885.4045334
2 0.5500000 885.8564489
2 0.5600000 886.3028984
2 0.5700000 886.7440050
2 0.5800000 887.1798865
2 0.5900000 887.6106568
2 0.6000000 888.0364250
2 0.6100000 888.4572965
2 0.6200000 888.8733724
2 0.6300000 889.2847505
2 0.6400000 889.6915247
2 0.6500000 890.0937857
2 0.6600000 890.4916208
2 0.6700000 890.8851144
2 0.6800000 891.2743477
2 0.6900000 891.6593993
2 0.7000000 892.0403450
2 0.7100000 892.4172581
2 0.7200000 892.7902092
2 0.7300000 893.1592670
2 0.7400000 893.5244977
2 0.7500000 893.8859653
2 0.7600000 894.2437319
2 0.7700000 894.5978577
2 0.7800000 894.9484010
2 0.7900000 895.2954183
3 0.5000000 882.5121436
3 0.5100000 882.9571385
3 0.5200000 883.3965607
3 0.5300000 883.8305433
3 0.5400000 884.2592146
3 0.5500000 884.6826980
3 0.5600000 885.1011124
3 0.5700000 885.5145720
3 0.5800000 885.9231873
3 0.5900000 886.3270645
3 0.6000000 886.7263059
3 0.6100000 887.1210103
3 0.6200000 887.5112729
3 0.6300000 887.8971855
3 0.6400000 888.2788368
3 0.6500000 888.6563121
3 0.6600000 889.0296941
3 0.6700000 889.3990624
3 0.6800000 889.7644940
3 0.6900000 890.1260632
3 0.7000000 890.4838420
3 0.7100000 890.8378998
3 0.7200000 891.1883037
3 0.7300000 891.5351188
3 0.7400000 891.8784080
3 0.7500000 892.2182320
3 0.7600000 892.5546499
3 0.7700000 892.8877188
3 0.7800000 893.2174938
3 0.7900000 893.5440288
4 0.5000000 881.8116854
4 0.5100000 882.2314501
4 0.5200000 882.6460041
4 0.5300000 883.0554706
4 0.5400000 883.4599688
4 0.5500000 883.8596132
4 0.5600000 884.2545145
4 0.5700000 884.6447796
4 0.5800000 885.0305112
4 0.5900000 885.4118090
4 0.6000000 885.7887687
4 0.6100000 886.1614832
4 0.6200000 886.5300417
4 0.6300000 886.8945309
4 0.6400000 887.2550341
4 0.6500000 887.6116320
4 0.6600000 887.9644027
4 0.6700000 888.3134215
4 0.6800000 888.6587614
4 0.6900000 889.0004927
4 0.7000000 889.3386839
4 0.7100000 889.6734008
4 0.7200000 890.0047073
4 0.7300000 890.3326653
4 0.7400000 890.6573346
4 0.7500000 890.9787734
4 0.7600000 891.2970377
4 0.7700000 891.6121820
4 0.7800000 891.9242591
4 0.7900000 892.2333202
5 0.5000000 881.3351827
5 0.5100000 881.7333995
5 0.5200000 882.1267144
5 0.5300000 882.5152419
5 0.5400000 882.8990927
5 0.5500000 883.2783735
5 0.5600000 883.6531876
5 0.5700000 884.0236346
5 0.5800000 884.3898108
5 0.5900000 884.7518094
5 0.6000000 885.1097202
5 0.6100000 885.4636305
5 0.6200000 885.8136242
5 0.6300000 886.1597827
5 0.6400000 886.5021849
5 0.6500000 886.8409068
5 0.6600000 887.1760222
5 0.6700000 887.5076024
5 0.6800000 887.8357165
5 0.6900000 888.1604314
5 0.7000000 888.4818118
5 0.7100000 888.7999204
5 0.7200000 889.1148181
5 0.7300000 889.4265637
5 0.7400000 889.7352144
5 0.7500000 890.0408254
5 0.7600000 890.3434504
5 0.7700000 890.6431415
5 0.7800000 890.9399491
5 0.7900000 891.2339221
6 0.5000000 881.0169404
6 0.5100000 881.3964630
6 0.5200000 881.7713526
6 0.5300000 882.1417159
6 0.5400000 882.5076558
6 0.5500000 882.8692720
6 0.5600000 883.2266609
6 0.5700000 883.5799158
6 0.5800000 883.9291269
6 0.5900000 884.2743816
6 0.6000000 884.6157642
6 0.6100000 884.9533567
6 0.6200000 885.2872383
6 0.6300000 885.6174856
6 0.6400000 885.9441729
6 0.6500000 886.2673722
6 0.6600000 886.5871532
6 0.6700000 886.9035835
6 0.6800000 887.2167284
6 0.6900000 887.5266516
6 0.7000000 887.8334144
6 0.7100000 888.1370765
6 0.7200000 888.4376958
6 0.7300000 888.7353284
6 0.7400000 889.0300287
6 0.7500000 889.3218495
6 0.7600000 889.6108421
6 0.7700000 889.8970561
6 0.7800000 890.1805400
6 0.7900000 890.4613405
7 0.5000000 880.8133255
7 0.5100000 881.1764175
7 0.5200000 881.5351141
7 0.5300000 881.8895148
7 0.5400000 882.2397158
7 0.5500000 882.5858103
7 0.5600000 882.9278886
7 0.5700000 883.2660381
7 0.5800000 883.6003435
7 0.5900000 883.9308868
7 0.6000000 884.2577475
7 0.6100000 884.5810026
7 0.6200000 884.9007268
7 0.6300000 885.2169924
7 0.6400000 885.5298696
7 0.6500000 885.8394265
7 0.6600000 886.1457290
7 0.6700000 886.4488411
7 0.6800000 886.7488249
7 0.6900000 887.0457407
7 0.7000000 887.3396469
7 0.7100000 887.6306003
7 0.7200000 887.9186559
7 0.7300000 888.2038672
7 0.7400000 888.4862861
7 0.7500000 888.7659631
7 0.7600000 889.0429470
7 0.7700000 889.3172855
7 0.7800000 889.5890247
7 0.7900000 889.8582096
8 0.5000000 880.6943835
8 0.5100000 881.0428758
8 0.5200000 881.3871851
8 0.5300000 881.7274043
8 0.5400000 882.0636238
8 0.5500000 882.3959307
8 0.5600000 882.7244099
8 0.5700000 883.0491433
8 0.5800000 883.3702107
8 0.5900000 883.6876891
8 0.6000000 884.0016536
8 0.6100000 884.3121766
8 0.6200000 884.6193288
8 0.6300000 884.9231784
8 0.6400000 885.2237918
8 0.6500000 885.5212335
8 0.6600000 885.8155659
8 0.6700000 886.1068498
8 0.6800000 886.3951440
8 0.6900000 886.6805059
8 0.7000000 886.9629910
8 0.7100000 887.2426533
8 0.7200000 887.5195453
8 0.7300000 887.7937180
8 0.7400000 888.0652209
8 0.7500000 888.3341021
8 0.7600000 888.6004085
8 0.7700000 888.8641855
8 0.7800000 889.1254774
8 0.7900000 889.3843272
9 0.5000000 880.6389795
9 0.5100000 880.9743782
9 0.5200000 881.3057854
9 0.5300000 881.6332885
9 0.5400000 881.9569719
9 0.5500000 882.2769177
9 0.5600000 882.5932056
9 0.5700000 882.9059129
9 0.5800000 883.2151144
9 0.5900000 883.5208831
9 0.6000000 883.8232895
9 0.6100000 884.1224023
9 0.6200000 884.4182880
9 0.6300000 884.7110114
9 0.6400000 885.0006353
9 0.6500000 885.2872208
9 0.6600000 885.5708272
9 0.6700000 885.8515121
9 0.6800000 886.1293315
9 0.6900000 886.4043398
9 0.7000000 886.6765900
9 0.7100000 886.9461335
9 0.7200000 887.2130202
9 0.7300000 887.4772990
9 0.7400000 887.7390170
9 0.7500000 887.9982202
9 0.7600000 888.2549535
9 0.7700000 888.5092603
9 0.7800000 888.7611830
9 0.7900000 889.0107629
10 0.5000000 880.6318549
10 0.5100000 880.9554170
10 0.5200000 881.2751618
10 0.5300000 881.5911713
10 0.5400000 881.9035248
10 0.5500000 882.2122999
10 0.5600000 882.5175713
10 0.5700000 882.8194120
10 0.5800000 883.1178928
10 0.5900000 883.4130824
10 0.6000000 883.7050476
10 0.6100000 883.9938533
10 0.6200000 884.2795625
10 0.6300000 884.5622366
10 0.6400000 884.8419352
10 0.6500000 885.1187161
10 0.6600000 885.3926358
10 0.6700000 885.6637490
10 0.6800000 885.9321090
10 0.6900000 886.1977677
10 0.7000000 886.4607753
10 0.7100000 886.7211810
10 0.7200000 886.9790325
10 0.7300000 887.2343762
10 0.7400000 887.4872574
10 0.7500000 887.7377199
10 0.7600000 887.9858067
10 0.7700000 888.2315595
10 0.7800000 888.4750187
10 0.7900000 888.7162240
11 0.5000000 880.6617767
11 0.5100000 880.9745648
11 0.5200000 881.2836948
11 0.5300000 881.5892438
11 0.5400000 881.8912867
11 0.5500000 882.1898965
11 0.5600000 882.4851439
11 0.5700000 882.7770978
11 0.5800000 883.0658251
11 0.5900000 883.3513908
11 0.6000000 883.6338582
11 0.6100000 883.9132887
11 0.6200000 884.1897422
11 0.6300000 884.4632768
11 0.6400000 884.7339491
11 0.6500000 885.0018143
11 0.6600000 885.2669258
11 0.6700000 885.5293358
11 0.6800000 885.7890951
11 0.6900000 886.0462530
11 0.7000000 886.3008575
11 0.7100000 886.5529556
11 0.7200000 886.8025928
11 0.7300000 887.0498134
11 0.7400000 887.2946607
11 0.7500000 887.5371767
11 0.7600000 887.7774026
11 0.7700000 888.0153781
11 0.7800000 888.2511423
11 0.7900000 888.4847331
12 0.5000000 880.7203362
12 0.5100000 881.0232584
12 0.5200000 881.3226687
12 0.5300000 881.6186399
12 0.5400000 881.9112428
12 0.5500000 882.2005463
12 0.5600000 882.4866174
12 0.5700000 882.7695211
12 0.5800000 883.0493209
12 0.5900000 883.3260784
12 0.6000000 883.5998535
12 0.6100000 883.8707046
12 0.6200000 884.1386886
12 0.6300000 884.4038606
12 0.6400000 884.6662745
12 0.6500000 884.9259828
12 0.6600000 885.1830364
12 0.6700000 885.4374849
12 0.6800000 885.6893768
12 0.6900000 885.9387592
12 0.7000000 886.1856780
12 0.7100000 886.4301779
12 0.7200000 886.6723025
12 0.7300000 886.9120941
12 0.7400000 887.1495942
12 0.7500000 887.3848431
12 0.7600000 887.6178801
12 0.7700000 887.8487434
12 0.7800000 888.0774704
12 0.7900000 888.3040976
13 0.5000000 880.8011475
13 0.5100000 881.0949874
13 0.5200000 881.3854504
13 0.5300000 881.6726054
13 0.5400000 881.9565194
13 0.5500000 882.2372575
13 0.5600000 882.5148832
13 0.5700000 882.7894583
13 0.5800000 883.0610428
13 0.5900000 883.3296952
13 0.6000000 883.5954725
13 0.6100000 883.8584302
13 0.6200000 884.1186223
13 0.6300000 884.3761014
13 0.6400000 884.6309188
13 0.6500000 884.8831243
13 0.6600000 885.1327666
13 0.6700000 885.3798930
13 0.6800000 885.6245499
13 0.6900000 885.8667821
13 0.7000000 886.1066335
13 0.7100000 886.3441469
13 0.7200000 886.5793640
13 0.7300000 886.8123253
13 0.7400000 887.0430706
13 0.7500000 887.2716384
13 0.7600000 887.4980665
13 0.7700000 887.7223916
13 0.7800000 887.9446495
13 0.7900000 888.1648752
14 0.5000000 880.8992998
14 0.5100000 881.1847396
14 0.5200000 881.4669277
14 0.5300000 881.7459292
14 0.5400000 882.0218077
14 0.5500000 882.2946250
14 0.5600000 882.5644413
14 0.5700000 882.8313151
14 0.5800000 883.0953037
14 0.5900000 883.3564626
14 0.6000000 883.6148460
14 0.6100000 883.8705067
14 0.6200000 884.1234961
14 0.6300000 884.3738644
14 0.6400000 884.6216605
14 0.6500000 884.8669318
14 0.6600000 885.1097250
14 0.6700000 885.3500851
14 0.6800000 885.5880564
14 0.6900000 885.8236819
14 0.7000000 886.0570035
14 0.7100000 886.2880622
14 0.7200000 886.5168979
14 0.7300000 886.7435495
14 0.7400000 886.9680550
14 0.7500000 887.1904515
14 0.7600000 887.4107751
14 0.7700000 887.6290611
14 0.7800000 887.8453440
14 0.7900000 888.0596574
15 0.5000000 881.0109755
15 0.5100000 881.2886137
15 0.5200000 881.5631165
15 0.5300000 881.8345458
15 0.5400000 882.1029619
15 0.5500000 882.3684235
15 0.5600000 882.6309878
15 0.5700000 882.8907105
15 0.5800000 883.1476460
15 0.5900000 883.4018472
15 0.6000000 883.6533658
15 0.6100000 883.9022520
15 0.6200000 884.1485549
15 0.6300000 884.3923224
15 0.6400000 884.6336010
15 0.6500000 884.8724362
15 0.6600000 885.1088725
15 0.6700000 885.3429530
15 0.6800000 885.5747200
15 0.6900000 885.8042148
15 0.7000000 886.0314773
15 0.7100000 886.2565470
15 0.7200000 886.4794620
15 0.7300000 886.7002597
15 0.7400000 886.9189765
15 0.7500000 887.1356481
15 0.7600000 887.3503091
15 0.7700000 887.5629935
15 0.7800000 887.7737343
15 0.7900000 887.9825641
16 0.5000000 881.1331784
16 0.5100000 881.4035436
16 0.5200000 881.6708821
16 0.5300000 881.9352525
16 0.5400000 882.1967122
16 0.5500000 882.4553170
16 0.5600000 882.7111214
16 0.5700000 882.9641785
16 0.5800000 883.2145401
16 0.5900000 883.4622565
16 0.6000000 883.7073771
16 0.6100000 883.9499498
16 0.6200000 884.1900215
16 0.6300000 884.4276378
16 0.6400000 884.6628434
16 0.6500000 884.8956817
16 0.6600000 885.1261952
16 0.6700000 885.3544253
16 0.6800000 885.5804124
16 0.6900000 885.8041960
16 0.7000000 886.0258146
16 0.7100000 886.2453058
16 0.7200000 886.4627063
16 0.7300000 886.6780520
16 0.7400000 886.8913778
16 0.7500000 887.1027180
16 0.7600000 887.3121060
16 0.7700000 887.5195744
16 0.7800000 887.7251550
16 0.7900000 887.9288790
17 0.5000000 881.2635377
17 0.5100000 881.5271000
17 0.5200000 881.7877370
17 0.5300000 882.0455047
17 0.5400000 882.3004576
17 0.5500000 882.5526490
17 0.5600000 882.8021307
17 0.5700000 883.0489533
17 0.5800000 883.2931664
17 0.5900000 883.5348179
17 0.6000000 883.7739550
17 0.6100000 884.0106234
17 0.6200000 884.2448680
17 0.6300000 884.4767325
17 0.6400000 884.7062595
17 0.6500000 884.9334907
17 0.6600000 885.1584666
17 0.6700000 885.3812271
17 0.6800000 885.6018107
17 0.6900000 885.8202554
17 0.7000000 886.0365982
17 0.7100000 886.2508751
17 0.7200000 886.4631214
17 0.7300000 886.6733715
17 0.7400000 886.8816592
17 0.7500000 887.0880171
17 0.7600000 887.2924776
17 0.7700000 887.4950720
17 0.7800000 887.6958310
17 0.7900000 887.8947845
18 0.5000000 881.4001638
18 0.5100000 881.6573432
18 0.5200000 881.9116926
18 0.5300000 882.1632653
18 0.5400000 882.4121132
18 0.5500000 882.6582872
18 0.5600000 882.9018368
18 0.5700000 883.1428103
18 0.5800000 883.3812548
18 0.5900000 883.6172164
18 0.6000000 883.8507401
18 0.6100000 884.0818697
18 0.6200000 884.3106481
18 0.6300000 884.5371171
18 0.6400000 884.7613176
18 0.6500000 884.9832894
18 0.6600000 885.2030715
18 0.6700000 885.4207020
18 0.6800000 885.6362181
18 0.6900000 885.8496561
18 0.7000000 886.0610515
18 0.7100000 886.2704390
18 0.7200000 886.4778525
18 0.7300000 886.6833250
18 0.7400000 886.8868891
18 0.7500000 887.0885762
18 0.7600000 887.2884174
18 0.7700000 887.4864429
18 0.7800000 887.6826822
18 0.7900000 887.8771643
19 0.5000000 881.5415411
19 0.5100000 881.7927152
19 0.5200000 882.0411488
19 0.5300000 882.2868928
19 0.5400000 882.5299967
19 0.5500000 882.7705091
19 0.5600000 883.0084773
19 0.5700000 883.2439475
19 0.5800000 883.4769647
19 0.5900000 883.7075731
19 0.6000000 883.9358156
19 0.6100000 884.1617344
19 0.6200000 884.3853703
19 0.6300000 884.6067636
19 0.6400000 884.8259534
19 0.6500000 885.0429779
19 0.6600000 885.2578746
19 0.6700000 885.4706800
19 0.6800000 885.6814298
19 0.6900000 885.8901589
19 0.7000000 886.0969015
19 0.7100000 886.3016909
19 0.7200000 886.5045596
19 0.7300000 886.7055397
19 0.7400000 886.9046621
19 0.7500000 887.1019575
19 0.7600000 887.2974557
19 0.7700000 887.4911857
19 0.7800000 887.6831761
19 0.7900000 887.8734548
20 0.5000000 881.6864477
20 0.5100000 881.9319575
20 0.5200000 882.1748110
20 0.5300000 882.4150568
20 0.5400000 882.6527425
20 0.5500000 882.8879144
20 0.5600000 883.1206177
20 0.5700000 883.3508966
20 0.5800000 883.5787944
20 0.5900000 883.8043532
20 0.6000000 884.0276143
20 0.6100000 884.2486179
20 0.6200000 884.4674034
20 0.6300000 884.6840093
20 0.6400000 884.8984731
20 0.6500000 885.1108317
20 0.6600000 885.3211208
20 0.6700000 885.5293757
20 0.6800000 885.7356307
20 0.6900000 885.9399194
20 0.7000000 886.1422745
20 0.7100000 886.3427282
20 0.7200000 886.5413118
20 0.7300000 886.7380561
20 0.7400000 886.9329911
20 0.7500000 887.1261462
20 0.7600000 887.3175501
20 0.7700000 887.5072309
20 0.7800000 887.6952161
20 0.7900000 887.8815328
21 0.5000000 881.8338941
21 0.5100000 882.0740485
21 0.5200000 882.3116262
21 0.5300000 882.5466738
21 0.5400000 882.7792365
21 0.5500000 883.0093588
21 0.5600000 883.2370841
21 0.5700000 883.4624546
21 0.5800000 883.6855119
21 0.5900000 883.9062962
21 0.6000000 884.1248473
21 0.6100000 884.3412037
21 0.6200000 884.5554032
21 0.6300000 884.7674827
21 0.6400000 884.9774785
21 0.6500000 885.1854257
21 0.6600000 885.3913590
21 0.6700000 885.5953120
21 0.6800000 885.7973179
21 0.6900000 885.9974090
21 0.7000000 886.1956168
21 0.7100000 886.3919722
21 0.7200000 886.5865056
21 0.7300000 886.7792465
21 0.7400000 886.9702238
21 0.7500000 887.1594660
21 0.7600000 887.3470007
21 0.7700000 887.5328551
21 0.7800000 887.7170557
21 0.7900000 887.8996285
22 0.5000000 881.9830757
22 0.5100000 882.2181562
22 0.5200000 882.4507352
22 0.5300000 882.6808572
22 0.5400000 882.9085657
22 0.5500000 883.1339034
22 0.5600000 883.3569116
22 0.5700000 883.5776310
22 0.5800000 883.7961015
22 0.5900000 884.0123617
22 0.6000000 884.2264496
22 0.6100000 884.4384024
22 0.6200000 884.6482564
22 0.6300000 884.8560470
22 0.6400000 885.0618091
22 0.6500000 885.2655766
22 0.6600000 885.4673826
22 0.6700000 885.6672598
22 0.6800000 885.8652399
22 0.6900000 886.0613541
22 0.7000000 886.2556328
22 0.7100000 886.4481058
22 0.7200000 886.6388022
22 0.7300000 886.8277507
22 0.7400000 887.0149792
22 0.7500000 887.2005150
22 0.7600000 887.3843848
22 0.7700000 887.5666150
22 0.7800000 887.7472312
22 0.7900000 887.9262585
23 0.5000000 882.1333367
23 0.5100000 882.3636003
23 0.5200000 882.5914337
23 0.5300000 882.8168794
23 0.5400000 883.0399793
23 0.5500000 883.2607741
23 0.5600000 883.4793037
23 0.5700000 883.6956070
23 0.5800000 883.9097223
23 0.5900000 884.1216868
23 0.6000000 884.3315371
23 0.6100000 884.5393087
23 0.6200000 884.7450367
23 0.6300000 884.9487551
23 0.6400000 885.1504974
23 0.6500000 885.3502963
23 0.6600000 885.5481839
23 0.6700000 885.7441913
23 0.6800000 885.9383494
23 0.6900000 886.1306880
23 0.7000000 886.3212366
23 0.7100000 886.5100238
23 0.7200000 886.6970779
23 0.7300000 886.8824264
23 0.7400000 887.0660963
23 0.7500000 887.2481141
23 0.7600000 887.4285054
23 0.7700000 887.6072958
23 0.7800000 887.7845101
23 0.7900000 887.9601725
24 0.5000000 882.2841411
24 0.5100000 882.5098236
24 0.5200000 882.7331433
24 0.5300000 882.9541413
24 0.5400000 883.1728575
24 0.5500000 883.3893311
24 0.5600000 883.6036005
24 0.5700000 883.8157031
24 0.5800000 884.0256756
24 0.5900000 884.2335538
24 0.6000000 884.4393728
24 0.6100000 884.6431670
24 0.6200000 884.8449700
24 0.6300000 885.0448146
24 0.6400000 885.2427331
24 0.6500000 885.4387570
24 0.6600000 885.6329170
24 0.6700000 885.8252435
24 0.6800000 886.0157659
24 0.6900000 886.2045133
24 0.7000000 886.3915138
24 0.7100000 886.5767954
24 0.7200000 886.7603852
24 0.7300000 886.9423098
24 0.7400000 887.1225953
24 0.7500000 887.3012672
24 0.7600000 887.4783505
24 0.7700000 887.6538697
24 0.7800000 887.8278489
24 0.7900000 888.0003116
25 0.5000000 882.4350504
25 0.5100000 882.6563685
25 0.5200000 882.8753880
25 0.5300000 883.0921483
25 0.5400000 883.3066878
25 0.5500000 883.5190441
25 0.5600000 883.7292542
25 0.5700000 883.9373539
25 0.5800000 884.1433787
25 0.5900000 884.3473630
25 0.6000000 884.5493406
25 0.6100000 884.7493446
25 0.6200000 884.9474073
25 0.6300000 885.1435605
25 0.6400000 885.3378351
25 0.6500000 885.5302616
25 0.6600000 885.7208697
25 0.6700000 885.9096885
25 0.6800000 886.0967465
25 0.6900000 886.2820718
25 0.7000000 886.4656917
25 0.7100000 886.6476329
25 0.7200000 886.8279218
25 0.7300000 887.0065841
25 0.7400000 887.1836449
25 0.7500000 887.3591291
25 0.7600000 887.5330607
25 0.7700000 887.7054636
25 0.7800000 887.8763609
25 0.7900000 888.0457754
26 0.5000000 882.5857057
26 0.5100000 882.8028593
26 0.5200000 883.0177754
26 0.5300000 883.2304917
26 0.5400000 883.4410453
26 0.5500000 883.6494723
26 0.5600000 883.8558082
26 0.5700000 884.0600877
26 0.5800000 884.2623447
26 0.5900000 884.4626125
26 0.6000000 884.6609236
26 0.6100000 884.8573099
26 0.6200000 885.0518027
26 0.6300000 885.2444324
26 0.6400000 885.4352290
26 0.6500000 885.6242218
26 0.6600000 885.8114396
26 0.6700000 885.9969104
26 0.6800000 886.1806618
26 0.6900000 886.3627209
26 0.7000000 886.5431140
26 0.7100000 886.7218671
26 0.7200000 886.8990056
26 0.7300000 887.0745544
26 0.7400000 887.2485378
26 0.7500000 887.4209797
26 0.7600000 887.5919037
26 0.7700000 887.7613326
26 0.7800000 887.9292889
26 0.7900000 888.0957948
27 0.5000000 882.7358131
27 0.5100000 882.9489871
27 0.5200000 883.1599818
27 0.5300000 883.3688333
27 0.5400000 883.5755774
27 0.5500000 883.7802489
27 0.5600000 883.9828819
27 0.5700000 884.1835098
27 0.5800000 884.3821654
27 0.5900000 884.5788807
27 0.6000000 884.7736870
27 0.6100000 884.9666152
27 0.6200000 885.1576953
27 0.6300000 885.3469568
27 0.6400000 885.5344287
27 0.6500000 885.7201391
27 0.6600000 885.9041160
27 0.6700000 886.0863863
27 0.6800000 886.2669769
27 0.6900000 886.4459137
27 0.7000000 886.6232223
27 0.7100000 886.7989279
27 0.7200000 886.9730549
27 0.7300000 887.1456276
27 0.7400000 887.3166693
27 0.7500000 887.4862035
27 0.7600000 887.6542526
27 0.7700000 887.8208390
27 0.7800000 887.9859845
27 0.7900000 888.1497104
28 0.5000000 882.8851324
28 0.5100000 883.0944984
28 0.5200000 883.3017403
28 0.5300000 883.5068933
28 0.5400000 883.7099915
28 0.5500000 883.9110685
28 0.5600000 884.1101574
28 0.5700000 884.3072901
28 0.5800000 884.5024984
28 0.5900000 884.6958132
28 0.6000000 884.8872646
28 0.6100000 885.0768824
28 0.6200000 885.2646957
28 0.6300000 885.4507329
28 0.6400000 885.6350220
28 0.6500000 885.8175903
28 0.6600000 885.9984645
28 0.6700000 886.1776711
28 0.6800000 886.3552357
28 0.6900000 886.5311835
28 0.7000000 886.7055394
28 0.7100000 886.8783276
28 0.7200000 887.0495719
28 0.7300000 887.2192956
28 0.7400000 887.3875215
28 0.7500000 887.5542722
28 0.7600000 887.7195695
28 0.7700000 887.8834351
28 0.7800000 888.0458901
28 0.7900000 888.2069552
29 0.5000000 883.0334679
29 0.5100000 883.2391851
29 0.5200000 883.4428312
29 0.5300000 883.6444399
29 0.5400000 883.8440443
29 0.5500000 884.0416767
29 0.5600000 884.2373688
29 0.5700000 884.4311518
29 0.5800000 884.6230561
29 0.5900000 884.8131115
29 0.6000000 885.0013472
29 0.6100000 885.1877920
29 0.6200000 885.3724739
29 0.6300000 885.5554204
29 0.6400000 885.7366586
29 0.6500000 885.9162148
29 0.6600000 886.0941150
29 0.6700000 886.2703846
29 0.6800000 886.4450485
29 0.6900000 886.6181313
29 0.7000000 886.7896567
29 0.7100000 886.9596483
29 0.7200000 887.1281293
29 0.7300000 887.2951220
29 0.7400000 887.4606488
29 0.7500000 887.6247314
29 0.7600000 887.7873911
29 0.7700000 887.9486487
29 0.7800000 888.1085249
29 0.7900000 888.2670398
30 0.5000000 883.1806605
30 0.5100000 883.3828775
30 0.5200000 883.5830738
30 0.5300000 883.7812821
30 0.5400000 883.9775342
30 0.5500000 884.1718613
30 0.5600000 884.3642942
30 0.5700000 884.5548627
30 0.5800000 884.7435963
30 0.5900000 884.9305239
30 0.6000000 885.1156736
30 0.6100000 885.2990732
30 0.6200000 885.4807498
30 0.6300000 885.6607301
30 0.6400000 885.8390401
30 0.6500000 886.0157054
30 0.6600000 886.1907511
30 0.6700000 886.3642018
30 0.6800000 886.5360817
30 0.6900000 886.7064145
30 0.7000000 886.8752232
30 0.7100000 887.0425307
30 0.7200000 887.2083594
30 0.7300000 887.3727311
30 0.7400000 887.5356673
30 0.7500000 887.6971892
30 0.7600000 887.8573173
30 0.7700000 888.0160720
30 0.7800000 888.1734733
30 0.7900000 888.3295406
31 0.5000000 883.3265818
31 0.5100000 883.5254370
31 0.5200000 883.7223199
31 0.5300000 883.9172620
31 0.5400000 884.1102940
31 0.5500000 884.3014461
31 0.5600000 884.4907479
31 0.5700000 884.6782283
31 0.5800000 884.8639157
31 0.5900000 885.0478381
31 0.6000000 885.2300228
31 0.6100000 885.4104965
31 0.6200000 885.5892855
31 0.6300000 885.7664155
31 0.6400000 885.9419119
31 0.6500000 886.1157993
31 0.6600000 886.2881021
31 0.6700000 886.4588442
31 0.6800000 886.6280488
31 0.6900000 886.7957389
31 0.7000000 886.9619371
31 0.7100000 887.1266654
31 0.7200000 887.2899454
31 0.7300000 887.4517984
31 0.7400000 887.6122452
31 0.7500000 887.7713064
31 0.7600000 887.9290019
31 0.7700000 888.0853516
31 0.7800000 888.2403747
31 0.7900000 888.3940902
32 0.5000000 883.4711287
32 0.5100000 883.6667518
32 0.5200000 883.8604489
32 0.5300000 884.0522503
32 0.5400000 884.2421858
32 0.5500000 884.4302845
32 0.5600000 884.6165751
32 0.5700000 884.8010855
32 0.5800000 884.9838432
32 0.5900000 885.1648752
32 0.6000000 885.3442079
32 0.6100000 885.5218673
32 0.6200000 885.6978786
32 0.6300000 885.8722670
32 0.6400000 886.0450567
32 0.6500000 886.2162720
32 0.6600000 886.3859362
32 0.6700000 886.5540724
32 0.6800000 886.7207034
32 0.6900000 886.8858514
32 0.7000000 887.0495381
32 0.7100000 887.2117850
32 0.7200000 887.3726131
32 0.7300000 887.5320431
32 0.7400000 887.6900951
32 0.7500000 887.8467891
32 0.7600000 888.0021445
32 0.7700000 888.1561804
32 0.7800000 888.3089158
32 0.7900000 888.4603689
33 0.5000000 883.6142196
33 0.5100000 883.8067319
33 0.5200000 883.9973627
33 0.5300000 884.1861411
33 0.5400000 884.3730959
33 0.5500000 884.5582554
33 0.5600000 884.7416471
33 0.5700000 884.9232982
33 0.5800000 885.1032352
33 0.5900000 885.2814843
33 0.6000000 885.4580710
33 0.6100000 885.6330205
33 0.6200000 885.8063572
33 0.6300000 885.9781055
33 0.6400000 886.1482890
33 0.6500000 886.3169309
33 0.6600000 886.4840541
33 0.6700000 886.6496810
33 0.6800000 886.8138336
33 0.6900000 886.9765333
33 0.7000000 887.1378015
33 0.7100000 887.2976588
33 0.7200000 887.4561256
33 0.7300000 887.6132221
33 0.7400000 887.7689678
33 0.7500000 887.9233820
33 0.7600000 888.0764837
33 0.7700000 888.2282915
33 0.7800000 888.3788237
33 0.7900000 888.5280981
34 0.5000000 883.7557905
34 0.5100000 883.9453062
34 0.5200000 884.1329827
34 0.5300000 884.3188485
34 0.5400000 884.5029314
34 0.5500000 884.6852586
34 0.5600000 884.8658569
34 0.5700000 885.0447526
34 0.5800000 885.2219713
34 0.5900000 885.3975384
34 0.6000000 885.5714785
34 0.6100000 885.7438161
34 0.6200000 885.9145750
34 0.6300000 886.0837786
34 0.6400000 886.2514499
34 0.6500000 886.4176114
34 0.6600000 886.5822853
34 0.6700000 886.7454932
34 0.6800000 886.9072566
34 0.6900000 887.0675963
34 0.7000000 887.2265329
34 0.7100000 887.3840866
34 0.7200000 887.5402772
34 0.7300000 887.6951241
34 0.7400000 887.8486465
34 0.7500000 888.0008630
34 0.7600000 888.1517922
34 0.7700000 888.3014520
34 0.7800000 888.4498603
34 0.7900000 888.5970344
35 0.5000000 883.8957926
35 0.5100000 884.0824187
35 0.5200000 884.2672465
35 0.5300000 884.4503035
35 0.5400000 884.6316167
35 0.5500000 884.8112123
35 0.5600000 884.9891164
35 0.5700000 885.1653542
35 0.5800000 885.3399509
35 0.5900000 885.5129307
35 0.6000000 885.6843179
35 0.6100000 885.8541358
35 0.6200000 886.0224077
35 0.6300000 886.1891563
35 0.6400000 886.3544038
35 0.6500000 886.5181721
35 0.6600000 886.6804827
35 0.6700000 886.8413567
35 0.6800000 887.0008149
35 0.6900000 887.1588774
35 0.7000000 887.3155643
35 0.7100000 887.4708953
35 0.7200000 887.6248894
35 0.7300000 887.7775657
35 0.7400000 887.9289426
35 0.7500000 888.0790385
35 0.7600000 888.2278713
35 0.7700000 888.3754584
35 0.7800000 888.5218173
35 0.7900000 888.6669649
36 0.5000000 884.0341894
36 0.5100000 884.2180268
36 0.5200000 884.4001052
36 0.5300000 884.5804512
36 0.5400000 884.7590909
36 0.5500000 884.9360497
36 0.5600000 885.1113529
36 0.5700000 885.2850250
36 0.5800000 885.4570902
36 0.5900000 885.6275722
36 0.6000000 885.7964943
36 0.6100000 885.9638793
36 0.6200000 886.1297498
36 0.6300000 886.2941277
36 0.6400000 886.4570347
36 0.6500000 886.6184920
36 0.6600000 886.7785205
36 0.6700000 886.9371406
36 0.6800000 887.0943725
36 0.6900000 887.2502358
36 0.7000000 887.4047501
36 0.7100000 887.5579342
36 0.7200000 887.7098071
36 0.7300000 887.8603870
36 0.7400000 888.0096919
36 0.7500000 888.1577397
36 0.7600000 888.3045477
36 0.7700000 888.4501330
36 0.7800000 888.5945126
36 0.7900000 888.7377028
37 0.5000000 884.1709550
37 0.5100000 884.3520989
37 0.5200000 884.5315216
37 0.5300000 884.7092488
37 0.5400000 884.8853058
37 0.5500000 885.0597172
37 0.5600000 885.2325075
37 0.5700000 885.4037006
37 0.5800000 885.5733197
37 0.5900000 885.7413881
37 0.6000000 885.9079282
37 0.6100000 886.0729622
37 0.6200000 886.2365120
37 0.6300000 886.3985989
37 0.6400000 886.5592439
37 0.6500000 886.7184676
37 0.6600000 886.8762904
37 0.6700000 887.0327320
37 0.6800000 887.1878120
37 0.6900000 887.3415497
37 0.7000000 887.4939639
37 0.7100000 887.6450730
37 0.7200000 887.7948954
37 0.7300000 887.9434488
37 0.7400000 888.0907509
37 0.7500000 888.2368189
37 0.7600000 888.3816697
37 0.7700000 888.5253200
37 0.7800000 888.6677862
37 0.7900000 888.8090844
38 0.5000000 884.3060723
38 0.5100000 884.4846127
38 0.5200000 884.6614682
38 0.5300000 884.8366636
38 0.5400000 885.0102236
38 0.5500000 885.1821721
38 0.5600000 885.3525327
38 0.5700000 885.5213286
38 0.5800000 885.6885825
38 0.5900000 885.8543167
38 0.6000000 886.0185532
38 0.6100000 886.1813136
38 0.6200000 886.3426188
38 0.6300000 886.5024898
38 0.6400000 886.6609470
38 0.6500000 886.8180103
38 0.6600000 886.9736995
38 0.6700000 887.1280338
38 0.6800000 887.2810324
38 0.6900000 887.4327138
38 0.7000000 887.5830964
38 0.7100000 887.7321983
38 0.7200000 887.8800370
38 0.7300000 888.0266300
38 0.7400000 888.1719945
38 0.7500000 888.3161471
38 0.7600000 888.4591045
38 0.7700000 888.6008828
38 0.7800000 888.7414979
38 0.7900000 888.8809656
39 0.5000000 884.4395317
39 0.5100000 884.6155536
39 0.5200000 884.7899255
39 0.5300000 884.9626716
39 0.5400000 885.1338157
39 0.5500000 885.3033811
39 0.5600000 885.4713906
39 0.5700000 885.6378669
39 0.5800000 885.8028318
39 0.5900000 885.9663072
39 0.6000000 886.1283142
39 0.6100000 886.2888739
39 0.6200000 886.4480068
39 0.6300000 886.6057330
39 0.6400000 886.7620724
39 0.6500000 886.9170444
39 0.6600000 887.0706683
39 0.6700000 887.2229628
39 0.6800000 887.3739463
39 0.6900000 887.5236371
39 0.7000000 887.6720529
39 0.7100000 887.8192114
39 0.7200000 887.9651297
39 0.7300000 888.1098248
39 0.7400000 888.2533133
39 0.7500000 888.3956116
39 0.7600000 888.5367357
39 0.7700000 888.6767015
39 0.7800000 888.8155245
39 0.7900000 888.9532200
40 0.5000000 884.5713298
40 0.5100000 884.7449136
40 0.5200000 884.9168812
40 0.5300000 885.0872560
40 0.5400000 885.2560610
40 0.5500000 885.4233189
40 0.5600000 885.5890519
40 0.5700000 885.7532818
40 0.5800000 885.9160301
40 0.5900000 886.0773178
40 0.6000000 886.2371656
40 0.6100000 886.3955939
40 0.6200000 886.5526226
40 0.6300000 886.7082713
40 0.6400000 886.8625594
40 0.6500000 887.0155056
40 0.6600000 887.1671288
40 0.6700000 887.3174471
40 0.6800000 887.4664786
40 0.6900000 887.6142409
40 0.7000000 887.7607513
40 0.7100000 887.9060270
40 0.7200000 888.0500847
40 0.7300000 888.1929409
40 0.7400000 888.3346119
40 0.7500000 888.4751135
40 0.7600000 888.6144614
40 0.7700000 888.7526711
40 0.7800000 888.8897577
40 0.7900000 889.0257360
41 0.5000000 884.7014684
41 0.5100000 884.8726905
41 0.5200000 885.0423288
41 0.5300000 885.2104062
41 0.5400000 885.3769450
41 0.5500000 885.5419671
41 0.5600000 885.7054941
41 0.5700000 885.8675473
41 0.5800000 886.0281475
41 0.5900000 886.1873151
41 0.6000000 886.3450703
41 0.6100000 886.5014328
41 0.6200000 886.6564220
41 0.6300000 886.8100571
41 0.6400000 886.9623567
41 0.6500000 887.1133393
41 0.6600000 887.2630230
41 0.6700000 887.4114256
41 0.6800000 887.5585647
41 0.6900000 887.7044573
41 0.7000000 887.8491205
41 0.7100000 887.9925708
41 0.7200000 888.1348246
41 0.7300000 888.2758980
41 0.7400000 888.4158068
41 0.7500000 888.5545664
41 0.7600000 888.6921921
41 0.7700000 888.8286991
41 0.7800000 888.9641020
41 0.7900000 889.0984154
42 0.5000000 884.8299536
42 0.5100000 884.9988864
42 0.5200000 885.1662669
42 0.5300000 885.3321171
42 0.5400000 885.4964587
42 0.5500000 885.6593131
42 0.5600000 885.8207012
42 0.5700000 885.9806437
42 0.5800000 886.1391608
42 0.5900000 886.2962725
42 0.6000000 886.4519982
42 0.6100000 886.6063572
42 0.6200000 886.7593684
42 0.6300000 886.9110503
42 0.6400000 887.0614213
42 0.6500000 887.2104991
42 0.6600000 887.3583015
42 0.6700000 887.5048459
42 0.6800000 887.6501491
42 0.6900000 887.7942280
42 0.7000000 887.9370991
42 0.7100000 888.0787786
42 0.7200000 888.2192823
42 0.7300000 888.3586260
42 0.7400000 888.4968250
42 0.7500000 888.6338945
42 0.7600000 888.7698494
42 0.7700000 888.9047043
42 0.7800000 889.0384736
42 0.7900000 889.1711715
43 0.5000000 884.9567952
43 0.5100000 885.1235077
43 0.5200000 885.2886980
43 0.5300000 885.4523877
43 0.5400000 885.6145978
43 0.5500000 885.7753492
43 0.5600000 885.9346621
43 0.5700000 886.0925567
43 0.5800000 886.2490526
43 0.5900000 886.4041692
43 0.6000000 886.5579256
43 0.6100000 886.7103403
43 0.6200000 886.8614318
43 0.6300000 887.0112182
43 0.6400000 887.1597172
43 0.6500000 887.3069463
43 0.6600000 887.4529227
43 0.6700000 887.5976632
43 0.6800000 887.7411845
43 0.6900000 887.8835028
43 0.7000000 888.0246343
43 0.7100000 888.1645947
43 0.7200000 888.3033994
43 0.7300000 888.4410639
43 0.7400000 888.5776031
43 0.7500000 888.7130318
43 0.7600000 888.8473645
43 0.7700000 888.9806154
43 0.7800000 889.1127988
43 0.7900000 889.2439283
44 0.5000000 885.0820061
44 0.5100000 885.2465636
44 0.5200000 885.4096283
44 0.5300000 885.5712210
44 0.5400000 885.7313621
44 0.5500000 885.8900720
44 0.5600000 886.0473703
44 0.5700000 886.2032767
44 0.5800000 886.3578103
44 0.5900000 886.5109898
44 0.6000000 886.6628339
44 0.6100000 886.8133607
44 0.6200000 886.9625881
44 0.6300000 887.1105337
44 0.6400000 887.2572148
44 0.6500000 887.4026485
44 0.6600000 887.5468514
44 0.6700000 887.6898400
44 0.6800000 887.8316305
44 0.6900000 887.9722387
44 0.7000000 888.1116804
44 0.7100000 888.2499709
44 0.7200000 888.3871254
44 0.7300000 888.5231587
44 0.7400000 888.6580855
44 0.7500000 888.7919202
44 0.7600000 888.9246770
44 0.7700000 889.0563698
44 0.7800000 889.1870124
44 0.7900000 889.3166182
45 0.5000000 885.2056015
45 0.5100000 885.3680666
45 0.5200000 885.5290670
45 0.5300000 885.6886230
45 0.5400000 885.8467547
45 0.5500000 886.0034817
45 0.5600000 886.1588232
45 0.5700000 886.3127983
45 0.5800000 886.4654255
45 0.5900000 886.6167232
45 0.6000000 886.7667094
45 0.6100000 886.9154019
45 0.6200000 887.0628181
45 0.6300000 887.2089751
45 0.6400000 887.3538898
45 0.6500000 887.4975787
45 0.6600000 887.6400582
45 0.6700000 887.7813442
45 0.6800000 887.9214527
45 0.6900000 888.0603989
45 0.7000000 888.1981984
45 0.7100000 888.3348659
45 0.7200000 888.4704164
45 0.7300000 888.6048643
45 0.7400000 888.7382239
45 0.7500000 888.8705093
45 0.7600000 889.0017343
45 0.7700000 889.1319125
45 0.7800000 889.2610574
45 0.7900000 889.3891821
46 0.5000000 885.3275989
46 0.5100000 885.4880309
46 0.5200000 885.6470256
46 0.5300000 885.8046027
46 0.5400000 885.9607816
46 0.5500000 886.1155816
46 0.5600000 886.2690213
46 0.5700000 886.4211192
46 0.5800000 886.5718935
46 0.5900000 886.7213620
46 0.6000000 886.8695423
46 0.6100000 887.0164516
46 0.6200000 887.1621070
46 0.6300000 887.3065251
46 0.6400000 887.4497224
46 0.6500000 887.5917149
46 0.6600000 887.7325187
46 0.6700000 887.8721493
46 0.6800000 888.0106222
46 0.6900000 888.1479524
46 0.7000000 888.2841548
46 0.7100000 888.4192441
46 0.7200000 888.5532347
46 0.7300000 888.6861407
46 0.7400000 888.8179762
46 0.7500000 888.9487548
46 0.7600000 889.0784901
46 0.7700000 889.2071953
46 0.7800000 889.3348835
46 0.7900000 889.4615676
47 0.5000000 885.4480174
47 0.5100000 885.6064730
47 0.5200000 885.7635177
47 0.5300000 885.9191708
47 0.5400000 886.0734512
47 0.5500000 886.2263774
47 0.5600000 886.3779678
47 0.5700000 886.5282403
47 0.5800000 886.6772127
47 0.5900000 886.8249022
47 0.6000000 886.9713261
47 0.6100000 887.1165011
47 0.6200000 887.2604438
47 0.6300000 887.4031704
47 0.6400000 887.5446971
47 0.6500000 887.6850395
47 0.6600000 887.8242131
47 0.6700000 887.9622332
47 0.6800000 888.0991148
47 0.6900000 888.2348727
47 0.7000000 888.3695213
47 0.7100000 888.5030750
47 0.7200000 888.6355478
47 0.7300000 888.7669536
47 0.7400000 888.8973060
47 0.7500000 889.0266184
47 0.7600000 889.1549040
47 0.7700000 889.2821758
47 0.7800000 889.4084465
47 0.7900000 889.5337288
48 0.5000000 885.5668772
48 0.5100000 885.7234107
48 0.5200000 885.8785588
48 0.5300000 886.0323404
48 0.5400000 886.1847739
48 0.5500000 886.3358774
48 0.5600000 886.4856686
48 0.5700000 886.6341651
48 0.5800000 886.7813842
48 0.5900000 886.9273427
48 0.6000000 887.0720574
48 0.6100000 887.2155447
48 0.6200000 887.3578207
48 0.6300000 887.4989012
48 0.6400000 887.6388019
48 0.6500000 887.7775382
48 0.6600000 887.9151252
48 0.6700000 888.0515777
48 0.6800000 888.1869104
48 0.6900000 888.3211378
48 0.7000000 888.4542739
48 0.7100000 888.5863327
48 0.7200000 888.7173280
48 0.7300000 888.8472733
48 0.7400000 888.9761818
48 0.7500000 889.1040668
48 0.7600000 889.2309410
48 0.7700000 889.3568172
48 0.7800000 889.4817078
48 0.7900000 889.6056252
49 0.5000000 885.6842000
49 0.5100000 885.8388631
49 0.5200000 885.9921656
49 0.5300000 886.1441259
49 0.5400000 886.2947619
49 0.5500000 886.4440912
49 0.5600000 886.5921312
49 0.5700000 886.7388990
49 0.5800000 886.8844113
49 0.5900000 887.0286848
49 0.6000000 887.1717355
49 0.6100000 887.3135796
49 0.6200000 887.4542328
49 0.6300000 887.5937106
49 0.6400000 887.7320281
49 0.6500000 887.8692004
49 0.6600000 888.0052423
49 0.6700000 888.1401683
49 0.6800000 888.2739926
49 0.6900000 888.4067293
49 0.7000000 888.5383923
49 0.7100000 888.6689952
49 0.7200000 888.7985515
49 0.7300000 888.9270742
49 0.7400000 889.0545764
49 0.7500000 889.1810710
49 0.7600000 889.3065704
49 0.7700000 889.4310871
49 0.7800000 889.5546334
49 0.7900000 889.6772212
50 0.5000000 885.8000081
50 0.5100000 885.9528502
50 0.5200000 886.1043559
50 0.5300000 886.2545429
50 0.5400000 886.4034287
50 0.5500000 886.5510304
50 0.5600000 886.6973651
50 0.5700000 886.8424493
50 0.5800000 886.9862995
50 0.5900000 887.1289316
50 0.6000000 887.2703617
50 0.6100000 887.4106053
50 0.6200000 887.5496777
50 0.6300000 887.6875941
50 0.6400000 887.8243694
50 0.6500000 887.9600181
50 0.6600000 888.0945547
50 0.6700000 888.2279933
50 0.6800000 888.3603480
50 0.6900000 888.4916324
50 0.7000000 888.6218600
50 0.7100000 888.7510442
50 0.7200000 888.8791982
50 0.7300000 889.0063347
50 0.7400000 889.1324664
50 0.7500000 889.2576060
50 0.7600000 889.3817657
50 0.7700000 889.5049576
50 0.7800000 889.6271936
50 0.7900000 889.7484856
