0.2 1.1891 422.709
0.206061 1.1891 422.999
0.212121 1.1891 423.286
0.218182 1.16731 423.565
0.224242 1.14552 423.838
0.230303 1.13463 424.104
0.236364 1.11284 424.363
0.242424 1.09104 424.616
0.248485 1.08015 424.863
0.254545 1.05836 425.105
0.260606 1.04746 425.34
0.266667 1.03657 425.57
0.272727 1.01478 425.795
0.278788 1.00388 426.014
0.284848 0.992985 426.229
0.290909 0.971194 426.439
0.29697 0.960299 426.645
0.30303 0.949403 426.846
0.309091 0.938507 427.043
0.315152 0.927612 427.236
0.321212 0.916716 427.425
0.327273 0.894925 427.61
0.333333 0.88403 427.791
0.339394 0.873134 427.968
0.345455 0.862239 428.142
0.351515 0.851343 428.313
0.357576 0.840448 428.48
0.363636 0.829552 428.644
0.369697 0.818657 428.805
0.375758 0.818657 428.963
0.381818 0.807761 429.117
0.387879 0.796866 429.269
0.393939 0.78597 429.418
0.4 0.775075 429.565
