0 1.18302 410.144
0.00606061 1.18302 410.647
0.0121212 1.18302 411.14
0.0181818 1.18302 411.622
0.0242424 1.18302 412.094
0.030303 1.18302 412.557
0.0363636 1.18302 413.01
0.0424242 1.18302 413.455
0.0484848 1.18302 413.891
0.0545455 1.18302 414.319
0.0606061 1.18302 414.739
0.0666667 1.18302 415.152
0.0727273 1.18302 415.557
0.0787879 1.18302 415.955
0.0848485 1.18302 416.346
0.0909091 1.18302 416.731
0.0969697 1.18302 417.109
0.10303 1.18302 417.481
0.109091 1.18302 417.847
0.115152 1.18302 418.206
0.121212 1.18302 418.561
0.127273 1.18302 418.909
0.133333 1.18302 419.252
0.139394 1.18302 419.59
0.145455 1.18302 419.923
0.151515 1.18302 420.251
0.157576 1.18302 420.574
0.163636 1.18302 420.893
0.169697 1.18302 421.207
0.175758 1.18302 421.516
0.181818 1.18302 421.821
0.187879 1.18302 422.122
0.193939 1.18302 422.419
