0 1.48152 407.442
0.00606061 1.48152 408.092
0.0121212 1.48152 408.725
0.0181818 1.48152 409.342
0.0242424 1.48152 409.944
0.030303 1.48152 410.531
0.0363636 1.48152 411.105
0.0424242 1.48152 411.666
0.0484848 1.48152 412.214
0.0545455 1.48152 412.75
0.0606061 1.48152 413.275
0.0666667 1.48152 413.789
0.0727273 1.48152 414.292
0.0787879 1.48152 414.785
0.0848485 1.48152 415.268
0.0909091 1.48152 415.742
0.0969697 1.48152 416.207
0.10303 1.48152 416.663
0.109091 1.48152 417.111
0.115152 1.48152 417.551
0.121212 1.48152 417.983
0.127273 1.48152 418.407
0.133333 1.48152 418.824
0.139394 1.46303 419.233
0.145455 1.44455 419.63
0.151515 1.40758 420.015
0.157576 1.38909 420.387
0.163636 1.35212 420.748
0.169697 1.33364 421.098
0.175758 1.31515 421.438
0.181818 1.29667 421.768
0.187879 1.2597 422.088
0.193939 1.24121 422.4
