0 3.16038 402.516
0.0121212 2.79245 405.228
0.0242424 2.49811 407.442
0.0363636 2.27736 409.328
0.0484848 2.13019 410.97
0.0606061 1.98302 412.431
0.0727273 1.90943 413.741
0.0848485 1.83585 414.936
0.0969697 1.68868 416.025
0.109091 1.61509 417.029
0.121212 1.54151 417.959
0.133333 1.46792 418.826
0.145455 1.46792 419.633
0.157576 1.39434 420.387
0.169697 1.32075 421.099
0.181818 1.32075 421.772
0.193939 1.24717 422.4
0.206061 1.17358 423.003
0.218182 1.17358 423.566
0.230303 1.1 424.109
0.242424 1.1 424.616
0.254545 1.1 425.112
0.266667 1.1 425.596
0.278788 1.1 426.069
0.290909 1.1 426.531
0.30303 1.1 426.982
0.315152 1.1 427.424
0.327273 1.1 427.857
0.339394 1.1 428.28
0.351515 1.1 428.694
0.363636 1.1 429.101
0.375758 1.1 429.499
0.387879 1.1 429.889
