0.1 1.5 416.41
0.10303 1.5 416.639
0.106061 1.5 416.866
0.109091 1.5 417.092
0.112121 1.5 417.315
0.115152 1.5 417.536
0.118182 1.5 417.755
0.121212 1.5 417.973
0.124242 1.5 418.188
0.127273 1.5 418.401
0.130303 1.5 418.613
0.133333 1.5 418.823
0.136364 1.48485 419.03
0.139394 1.4697 419.233
0.142424 1.45455 419.433
0.145455 1.43939 419.63
0.148485 1.42727 419.824
0.151515 1.41212 420.015
0.154545 1.4 420.202
0.157576 1.4 420.388
0.160606 1.4 420.572
0.163636 1.4 420.754
0.166667 1.4 420.936
0.169697 1.4 421.115
0.172727 1.4 421.294
0.175758 1.4 421.471
0.178788 1.4 421.647
0.181818 1.4 421.821
0.184848 1.4 421.994
0.187879 1.4 422.166
0.190909 1.4 422.337
0.193939 1.4 422.506
0.19697 1.4 422.674
0.2 1.4 422.841
