0.5 0.576023 885.8
0.51 0.576023 885.953
0.52 0.576023 886.104
0.53 0.554073 886.255
0.54 0.554073 886.403
0.55 0.554073 886.551
0.56 0.554073 886.697
0.57 0.534216 886.842
0.58 0.534216 886.986
0.59 0.534216 887.129
0.6 0.516147 887.27
0.61 0.516147 887.411
0.62 0.516147 887.55
0.63 0.499617 887.688
0.64 0.499617 887.824
0.65 0.499617 887.96
0.66 0.484425 888.095
0.67 0.484425 888.228
0.68 0.484425 888.36
0.69 0.470404 888.492
0.7 0.470404 888.622
0.71 0.470404 888.751
0.72 0.470404 888.879
0.73 0.457413 889.006
0.74 0.457413 889.132
0.75 0.457413 889.258
0.76 0.445335 889.382
0.77 0.445335 889.505
0.78 0.445335 889.627
0.79 0.43407 889.748
