0.5 0.65884 431.644
0.51 1 431.798
0.52 0.627846 431.993
0.53 0.600452 432.162
0.54 0.600452 432.325
0.55 0.600452 432.486
0.56 0.576023 432.642
0.57 0.576023 432.794
0.58 0.554073 432.943
0.59 0.554073 433.087
0.6 0.554073 433.229
0.61 0.534216 433.366
0.62 0.534216 433.502
0.63 0.516147 433.633
0.64 0.516147 433.761
0.65 0.499617 433.887
0.66 0.499617 434.01
0.67 0.484425 434.13
0.68 0.484425 434.247
0.69 0.470404 434.362
0.7 0.470404 434.474
0.71 0.457413 434.583
0.72 0.457413 434.691
0.73 0.445335 434.796
0.74 0.445335 434.899
0.75 0.43407 434.999
0.76 0.43407 435.098
0.77 0.423533 435.194
0.78 0.41365 435.289
0.79 0.41365 435.381
