0.4 0.769464 429.565
0.406 1 428.858
0.412 0.769464 429.848
0.418 1 429.268
0.424 0.743437 430.119
0.43 1 429.584
0.436 0.719629 430.382
0.442 1 429.901
0.448 0.697748 430.636
0.454 1 430.216
0.46 0.697748 430.881
0.466 1 430.591
0.472 0.677552 431.118
0.478 1 430.897
0.484 0.65884 431.347
0.49 1 431.201
0.496 0.641443 431.569
0.502 1 431.503
0.508 0.641443 431.784
0.514 1 431.848
0.52 0.625218 431.992
0.526 0.61004 432.094
0.532 0.61004 432.194
0.538 0.595805 432.293
0.544 0.595805 432.39
0.55 0.595805 432.485
0.556 0.582422 432.579
0.562 0.582422 432.672
0.568 0.569809 432.763
0.574 0.569809 432.853
0.58 0.557898 432.942
0.586 0.557898 433.029
0.592 0.546627 433.116
0.598 0.546627 433.2
0.604 0.535943 433.284
0.61 0.535943 433.366
0.616 0.525797 433.448
0.622 0.525797 433.528
0.628 0.516147 433.607
0.634 0.516147 433.684
0.64 0.506953 433.761
0.646 0.506953 433.837
0.652 0.498184 433.912
0.658 0.498184 433.985
0.664 0.489806 434.058
0.67 0.489806 434.129
0.676 0.481794 434.2
0.682 0.481794 434.27
0.688 0.47412 434.339
0.694 0.47412 434.407
