0.4 0.772069 429.565
0.404598 0.47 429.21
0.409195 0.47 427.786
0.413793 0.47 427.892
0.418391 0.47 427.998
0.422989 0.47 428.102
0.427586 0.47 428.206
0.432184 0.47 428.308
0.436782 0.47 428.41
0.441379 0.47 428.511
0.445977 0.47 428.611
0.450575 0.47 428.71
0.455172 0.47 428.809
0.45977 0.47 428.907
0.464368 0.47 429.003
0.468966 0.47 429.099
0.473563 0.47 429.195
0.478161 0.47 429.289
0.482759 0.47 429.383
0.487356 0.47 429.476
0.491954 0.47 429.568
0.496552 0.47 429.659
0.501149 0.47 429.75
0.505747 0.47 429.84
0.510345 0.47 429.929
0.514943 0.47 430.018
0.51954 0.47 430.106
0.524138 0.47 430.193
0.528736 0.47 430.28
0.533333 0.47 430.365
0.537931 0.47 430.451
0.542529 0.47 430.535
0.547126 0.47 430.619
0.551724 0.47 430.702
0.556322 0.47 430.785
0.56092 0.47 430.867
0.565517 0.47 430.948
0.570115 0.47 431.029
0.574713 0.47 431.109
0.57931 0.47 431.189
0.583908 0.47 431.267
0.588506 0.47 431.346
0.593103 0.47 431.424
0.597701 0.47 431.501
0.602299 0.47 431.578
0.606897 0.47 431.654
0.611494 0.47 431.729
0.616092 0.47 431.804
0.62069 0.47 431.879
0.625287 0.47 431.953
0.629885 0.47 432.026
0.634483 0.47 432.099
0.63908 0.47 432.172
0.643678 0.47 432.243
0.648276 0.47 432.315
0.652874 0.47 432.386
0.657471 0.47 432.456
0.662069 0.47 432.526
0.666667 0.47 432.596
0.671264 0.47 432.665
0.675862 0.47 432.733
0.68046 0.47 432.801
0.685057 0.47 432.869
0.689655 0.47 432.936
0.694253 0.47 433.003
0.698851 0.47 433.069
0.703448 0.47 433.135
0.708046 0.47 433.2
0.712644 0.47 433.265
0.717241 0.47 433.33
0.721839 0.47 433.394
0.726437 0.47 433.458
0.731034 0.47 433.521
0.735632 0.47 433.584
0.74023 0.47 433.647
0.744828 0.47 433.709
0.749425 0.47 433.77
0.754023 0.47 433.832
0.758621 0.47 433.893
0.763218 0.47 433.953
0.767816 0.47 434.014
0.772414 0.47 434.074
0.777011 0.47 434.133
0.781609 0.47 434.192
0.786207 0.47 434.251
0.790805 0.47 434.309
0.795402 0.47 434.367
0.8 0.47 434.425
