0.4 0.775075 429.565
0.40597 0.764179 429.706
0.41194 0.753284 429.845
0.41791 0.753284 429.982
0.423881 0.742388 430.116
0.429851 0.731493 430.248
0.435821 0.720597 430.378
0.441791 0.720597 430.505
0.447761 0.709701 430.63
0.453731 0.698806 430.753
0.459701 0.68791 430.875
0.465672 0.68791 430.994
0.471642 0.677015 431.111
0.477612 0.666119 431.226
0.483582 0.666119 431.339
0.489552 0.655224 431.451
0.495522 0.644328 431.561
0.501493 0.644328 431.668
0.507463 0.633433 431.775
0.513433 0.633433 431.879
0.519403 0.622537 431.982
0.525373 0.611642 432.084
0.531343 0.611642 432.183
0.537313 0.600746 432.281
0.543284 0.600746 432.378
0.549254 0.589851 432.473
0.555224 0.589851 432.567
0.561194 0.578955 432.66
0.567164 0.578955 432.751
0.573134 0.56806 432.84
0.579104 0.56806 432.929
0.585075 0.557164 433.016
0.591045 0.557164 433.102
0.597015 0.546269 433.186
0.602985 0.546269 433.27
0.608955 0.535373 433.352
0.614925 0.535373 433.433
0.620896 0.524478 433.513
0.626866 0.524478 433.592
0.632836 0.513582 433.669
0.638806 0.513582 433.746
0.644776 0.502687 433.822
0.650746 0.502687 433.896
0.656716 0.502687 433.97
0.662687 0.491791 434.042
0.668657 0.491791 434.114
0.674627 0.480896 434.184
0.680597 0.480896 434.254
0.686567 0.480896 434.323
0.692537 0.47 434.39
0.698507 0.47 434.457
0.704478 0.47 434.523
0.710448 0.47 434.59
0.716418 0.47 434.655
0.722388 0.47 434.721
0.728358 0.47 434.786
0.734328 0.47 434.85
0.740299 0.47 434.915
0.746269 0.47 434.978
0.752239 0.47 435.042
0.758209 0.47 435.105
0.764179 0.47 435.168
0.770149 0.47 435.231
0.776119 0.47 435.293
0.78209 0.47 435.355
0.78806 0.47 435.416
0.79403 0.47 435.477
0.8 0.47 435.538
