1 0.3000000 nan
1 0.3233333 nan
1 0.3466667 nan
1 0.3700000 nan
1 0.3933333 nan
1 0.4166667 nan
1 0.4400000 nan
1 0.4633333 nan
1 0.4866667 nan
1 0.5100000 nan
1 0.5333333 nan
1 0.5566667 nan
1 0.5800000 nan
1 0.6033333 nan
1 0.6266667 nan
1 0.6500000 nan
1 0.6733333 nan
1 0.6966667 nan
1 0.7200000 nan
1 0.7433333 nan
1 0.7666667 nan
1 0.7900000 nan
1 0.8133333 nan
1 0.8366667 nan
1 0.8600000 nan
1 0.8833333 nan
1 0.9066667 nan
1 0.9300000 nan
1 0.9533333 nan
1 0.9766667 nan
1 1.0000000 nan
2 0.3000000 nan
2 0.3233333 nan
2 0.3466667 nan
2 0.3700000 nan
2 0.3933333 nan
2 0.4166667 nan
2 0.4400000 nan
2 0.4633333 nan
2 0.4866667 nan
2 0.5100000 nan
2 0.5333333 nan
2 0.5566667 nan
2 0.5800000 nan
2 0.6033333 nan
2 0.6266667 nan
2 0.6500000 nan
2 0.6733333 nan
2 0.6966667 nan
2 0.7200000 nan
2 0.7433333 nan
2 0.7666667 nan
2 0.7900000 nan
2 0.8133333 nan
2 0.8366667 nan
2 0.8600000 nan
2 0.8833333 nan
2 0.9066667 nan
2 0.9300000 nan
2 0.9533333 nan
2 0.9766667 nan
2 1.0000000 nan
3 0.3000000 nan
3 0.3233333 nan
3 0.3466667 nan
3 0.3700000 nan
3 0.3933333 nan
3 0.4166667 nan
3 0.4400000 nan
3 0.4633333 nan
3 0.4866667 nan
3 0.5100000 nan
3 0.5333333 nan
3 0.5566667 nan
3 0.5800000 nan
3 0.6033333 nan
3 0.6266667 nan
3 0.6500000 nan
3 0.6733333 nan
3 0.6966667 nan
3 0.7200000 nan
3 0.7433333 nan
3 0.7666667 nan
3 0.7900000 nan
3 0.8133333 nan
3 0.8366667 nan
3 0.8600000 nan
3 0.8833333 nan
3 0.9066667 nan
3 0.9300000 nan
3 0.9533333 nan
3 0.9766667 nan
3 1.0000000 nan
4 0.3000000 nan
4 0.3233333 nan
4 0.3466667 nan
4 0.3700000 nan
4 0.3933333 nan
4 0.4166667 nan
4 0.4400000 nan
4 0.4633333 nan
4 0.4866667 nan
4 0.5100000 nan
4 0.5333333 nan
4 0.5566667 nan
4 0.5800000 nan
4 0.6033333 nan
4 0.6266667 nan
4 0.6500000 nan
4 0.6733333 nan
4 0.6966667 nan
4 0.7200000 nan
4 0.7433333 nan
4 0.7666667 nan
4 0.7900000 nan
4 0.8133333 nan
4 0.8366667 nan
4 0.8600000 nan
4 0.8833333 nan
4 0.9066667 nan
4 0.9300000 nan
4 0.9533333 nan
4 0.9766667 nan
4 1.0000000 nan
5 0.3000000 nan
5 0.3233333 nan
5 0.3466667 nan
5 0.3700000 nan
5 0.3933333 nan
5 0.4166667 nan
5 0.4400000 nan
5 0.4633333 nan
5 0.4866667 nan
5 0.5100000 nan
5 0.5333333 nan
5 0.5566667 nan
5 0.5800000 nan
5 0.6033333 nan
5 0.6266667 nan
5 0.6500000 nan
5 0.6733333 nan
5 0.6966667 nan
5 0.7200000 nan
5 0.7433333 nan
5 0.7666667 nan
5 0.7900000 nan
5 0.8133333 nan
5 0.8366667 nan
5 0.8600000 nan
5 0.8833333 nan
5 0.9066667 nan
5 0.9300000 nan
5 0.9533333 nan
5 0.9766667 nan
5 1.0000000 nan
6 0.3000000 nan
6 0.3233333 nan
6 0.3466667 nan
6 0.3700000 nan
6 0.3933333 nan
6 0.4166667 nan
6 0.4400000 nan
6 0.4633333 nan
6 0.4866667 nan
6 0.5100000 nan
6 0.5333333 nan
6 0.5566667 nan
6 0.5800000 nan
6 0.6033333 nan
6 0.6266667 nan
6 0.6500000 nan
6 0.6733333 nan
6 0.6966667 nan
6 0.7200000 nan
6 0.7433333 nan
6 0.7666667 nan
6 0.7900000 nan
6 0.8133333 nan
6 0.8366667 nan
6 0.8600000 nan
6 0.8833333 nan
6 0.9066667 nan
6 0.9300000 nan
6 0.9533333 nan
6 0.9766667 nan
6 1.0000000 nan
7 0.3000000 nan
7 0.3233333 nan
7 0.3466667 nan
7 0.3700000 nan
7 0.3933333 nan
7 0.4166667 nan
7 0.4400000 nan
7 0.4633333 nan
7 0.4866667 nan
7 0.5100000 nan
7 0.5333333 nan
7 0.5566667 nan
7 0.5800000 nan
7 0.6033333 nan
7 0.6266667 nan
7 0.6500000 nan
7 0.6733333 nan
7 0.6966667 nan
7 0.7200000 nan
7 0.7433333 nan
7 0.7666667 nan
7 0.7900000 nan
7 0.8133333 nan
7 0.8366667 nan
7 0.8600000 nan
7 0.8833333 nan
7 0.9066667 nan
7 0.9300000 nan
7 0.9533333 nan
7 0.9766667 nan
7 1.0000000 nan
8 0.3000000 nan
8 0.3233333 nan
8 0.3466667 nan
8 0.3700000 nan
8 0.3933333 nan
8 0.4166667 nan
8 0.4400000 nan
8 0.4633333 nan
8 0.4866667 nan
8 0.5100000 nan
8 0.5333333 nan
8 0.5566667 nan
8 0.5800000 nan
8 0.6033333 nan
8 0.6266667 nan
8 0.6500000 nan
8 0.6733333 nan
8 0.6966667 nan
8 0.7200000 nan
8 0.7433333 nan
8 0.7666667 nan
8 0.7900000 nan
8 0.8133333 nan
8 0.8366667 nan
8 0.8600000 nan
8 0.8833333 nan
8 0.9066667 nan
8 0.9300000 nan
8 0.9533333 nan
8 0.9766667 nan
8 1.0000000 nan
9 0.3000000 nan
9 0.3233333 nan
9 0.3466667 nan
9 0.3700000 nan
9 0.3933333 nan
9 0.4166667 nan
9 0.4400000 nan
9 0.4633333 nan
9 0.4866667 nan
9 0.5100000 nan
9 0.5333333 nan
9 0.5566667 nan
9 0.5800000 nan
9 0.6033333 nan
9 0.6266667 nan
9 0.6500000 nan
9 0.6733333 nan
9 0.6966667 nan
9 0.7200000 nan
9 0.7433333 nan
9 0.7666667 nan
9 0.7900000 nan
9 0.8133333 nan
9 0.8366667 nan
9 0.8600000 nan
9 0.8833333 nan
9 0.9066667 nan
9 0.9300000 nan
9 0.9533333 nan
9 0.9766667 nan
9 1.0000000 nan
10 0.3000000 nan
10 0.3233333 nan
10 0.3466667 nan
10 0.3700000 nan
10 0.3933333 nan
10 0.4166667 nan
10 0.4400000 nan
10 0.4633333 nan
10 0.4866667 nan
10 0.5100000 nan
10 0.5333333 nan
10 0.5566667 nan
10 0.5800000 nan
10 0.6033333 nan
10 0.6266667 nan
10 0.6500000 nan
10 0.6733333 nan
10 0.6966667 nan
10 0.7200000 nan
10 0.7433333 nan
10 0.7666667 nan
10 0.7900000 nan
10 0.8133333 nan
10 0.8366667 nan
10 0.8600000 nan
10 0.8833333 nan
10 0.9066667 nan
10 0.9300000 nan
10 0.9533333 nan
10 0.9766667 nan
10 1.0000000 nan
11 0.3000000 nan
11 0.3233333 nan
11 0.3466667 nan
11 0.3700000 nan
11 0.3933333 nan
11 0.4166667 nan
11 0.4400000 nan
11 0.4633333 nan
11 0.4866667 nan
11 0.5100000 nan
11 0.5333333 nan
11 0.5566667 nan
11 0.5800000 nan
11 0.6033333 nan
11 0.6266667 nan
11 0.6500000 nan
11 0.6733333 nan
11 0.6966667 nan
11 0.7200000 nan
11 0.7433333 nan
11 0.7666667 nan
11 0.7900000 nan
11 0.8133333 nan
11 0.8366667 nan
11 0.8600000 nan
11 0.8833333 nan
11 0.9066667 nan
11 0.9300000 nan
11 0.9533333 nan
11 0.9766667 nan
11 1.0000000 nan
12 0.3000000 nan
12 0.3233333 nan
12 0.3466667 nan
12 0.3700000 nan
12 0.3933333 nan
12 0.4166667 nan
12 0.4400000 nan
12 0.4633333 nan
12 0.4866667 nan
12 0.5100000 nan
12 0.5333333 nan
12 0.5566667 nan
12 0.5800000 nan
12 0.6033333 nan
12 0.6266667 nan
12 0.6500000 nan
12 0.6733333 nan
12 0.6966667 nan
12 0.7200000 nan
12 0.7433333 nan
12 0.7666667 nan
12 0.7900000 nan
12 0.8133333 nan
12 0.8366667 nan
12 0.8600000 nan
12 0.8833333 nan
12 0.9066667 nan
12 0.9300000 nan
12 0.9533333 nan
12 0.9766667 nan
12 1.0000000 nan
13 0.3000000 nan
13 0.3233333 nan
13 0.3466667 nan
13 0.3700000 nan
13 0.3933333 nan
13 0.4166667 nan
13 0.4400000 nan
13 0.4633333 nan
13 0.4866667 nan
13 0.5100000 nan
13 0.5333333 nan
13 0.5566667 nan
13 0.5800000 nan
13 0.6033333 nan
13 0.6266667 nan
13 0.6500000 nan
13 0.6733333 nan
13 0.6966667 nan
13 0.7200000 nan
13 0.7433333 nan
13 0.7666667 nan
13 0.7900000 nan
13 0.8133333 nan
13 0.8366667 nan
13 0.8600000 nan
13 0.8833333 nan
13 0.9066667 nan
13 0.9300000 nan
13 0.9533333 nan
13 0.9766667 nan
13 1.0000000 nan
14 0.3000000 nan
14 0.3233333 nan
14 0.3466667 nan
14 0.3700000 nan
14 0.3933333 nan
14 0.4166667 nan
14 0.4400000 nan
14 0.4633333 nan
14 0.4866667 nan
14 0.5100000 nan
14 0.5333333 nan
14 0.5566667 nan
14 0.5800000 nan
14 0.6033333 nan
14 0.6266667 nan
14 0.6500000 nan
14 0.6733333 nan
14 0.6966667 nan
14 0.7200000 nan
14 0.7433333 nan
14 0.7666667 nan
14 0.7900000 nan
14 0.8133333 nan
14 0.8366667 nan
14 0.8600000 nan
14 0.8833333 nan
14 0.9066667 nan
14 0.9300000 nan
14 0.9533333 nan
14 0.9766667 nan
14 1.0000000 nan
15 0.3000000 nan
15 0.3233333 nan
15 0.3466667 nan
15 0.3700000 nan
15 0.3933333 nan
15 0.4166667 nan
15 0.4400000 nan
15 0.4633333 nan
15 0.4866667 nan
15 0.5100000 nan
15 0.5333333 nan
15 0.5566667 nan
15 0.5800000 nan
15 0.6033333 nan
15 0.6266667 nan
15 0.6500000 nan
15 0.6733333 nan
15 0.6966667 nan
15 0.7200000 nan
15 0.7433333 nan
15 0.7666667 nan
15 0.7900000 nan
15 0.8133333 nan
15 0.8366667 nan
15 0.8600000 nan
15 0.8833333 nan
15 0.9066667 nan
15 0.9300000 nan
15 0.9533333 nan
15 0.9766667 nan
15 1.0000000 nan
16 0.3000000 nan
16 0.3233333 nan
16 0.3466667 nan
16 0.3700000 nan
16 0.3933333 nan
16 0.4166667 nan
16 0.4400000 nan
16 0.4633333 nan
16 0.4866667 nan
16 0.5100000 nan
16 0.5333333 nan
16 0.5566667 nan
16 0.5800000 nan
16 0.6033333 nan
16 0.6266667 nan
16 0.6500000 nan
16 0.6733333 nan
16 0.6966667 nan
16 0.7200000 nan
16 0.7433333 nan
16 0.7666667 nan
16 0.7900000 nan
16 0.8133333 nan
16 0.8366667 nan
16 0.8600000 nan
16 0.8833333 nan
16 0.9066667 nan
16 0.9300000 nan
16 0.9533333 nan
16 0.9766667 nan
16 1.0000000 nan
17 0.3000000 nan
17 0.3233333 nan
17 0.3466667 nan
17 0.3700000 nan
17 0.3933333 nan
17 0.4166667 nan
17 0.4400000 nan
17 0.4633333 nan
17 0.4866667 nan
17 0.5100000 nan
17 0.5333333 nan
17 0.5566667 nan
17 0.5800000 nan
17 0.6033333 nan
17 0.6266667 nan
17 0.6500000 nan
17 0.6733333 nan
17 0.6966667 nan
17 0.7200000 nan
17 0.7433333 nan
17 0.7666667 nan
17 0.7900000 nan
17 0.8133333 nan
17 0.8366667 nan
17 0.8600000 nan
17 0.8833333 nan
17 0.9066667 nan
17 0.9300000 nan
17 0.9533333 nan
17 0.9766667 nan
17 1.0000000 nan
18 0.3000000 nan
18 0.3233333 nan
18 0.3466667 nan
18 0.3700000 nan
18 0.3933333 nan
18 0.4166667 nan
18 0.4400000 nan
18 0.4633333 nan
18 0.4866667 nan
18 0.5100000 nan
18 0.5333333 nan
18 0.5566667 nan
18 0.5800000 nan
18 0.6033333 nan
18 0.6266667 nan
18 0.6500000 nan
18 0.6733333 nan
18 0.6966667 nan
18 0.7200000 nan
18 0.7433333 nan
18 0.7666667 nan
18 0.7900000 nan
18 0.8133333 nan
18 0.8366667 nan
18 0.8600000 nan
18 0.8833333 nan
18 0.9066667 nan
18 0.9300000 nan
18 0.9533333 nan
18 0.9766667 nan
18 1.0000000 nan
19 0.3000000 nan
19 0.3233333 nan
19 0.3466667 nan
19 0.3700000 nan
19 0.3933333 nan
19 0.4166667 nan
19 0.4400000 nan
19 0.4633333 nan
19 0.4866667 nan
19 0.5100000 nan
19 0.5333333 nan
19 0.5566667 nan
19 0.5800000 nan
19 0.6033333 nan
19 0.6266667 nan
19 0.6500000 nan
19 0.6733333 nan
19 0.6966667 nan
19 0.7200000 nan
19 0.7433333 nan
19 0.7666667 nan
19 0.7900000 nan
19 0.8133333 nan
19 0.8366667 nan
19 0.8600000 nan
19 0.8833333 nan
19 0.9066667 nan
19 0.9300000 nan
19 0.9533333 nan
19 0.9766667 nan
19 1.0000000 nan
20 0.3000000 nan
20 0.3233333 nan
20 0.3466667 nan
20 0.3700000 nan
20 0.3933333 nan
20 0.4166667 nan
20 0.4400000 nan
20 0.4633333 nan
20 0.4866667 nan
20 0.5100000 nan
20 0.5333333 nan
20 0.5566667 nan
20 0.5800000 nan
20 0.6033333 nan
20 0.6266667 nan
20 0.6500000 nan
20 0.6733333 nan
20 0.6966667 nan
20 0.7200000 nan
20 0.7433333 nan
20 0.7666667 nan
20 0.7900000 nan
20 0.8133333 nan
20 0.8366667 nan
20 0.8600000 nan
20 0.8833333 nan
20 0.9066667 nan
20 0.9300000 nan
20 0.9533333 nan
20 0.9766667 nan
20 1.0000000 nan
21 0.3000000 nan
21 0.3233333 nan
21 0.3466667 nan
21 0.3700000 nan
21 0.3933333 nan
21 0.4166667 nan
21 0.4400000 nan
21 0.4633333 nan
21 0.4866667 nan
21 0.5100000 nan
21 0.5333333 nan
21 0.5566667 nan
21 0.5800000 nan
21 0.6033333 nan
21 0.6266667 nan
21 0.6500000 nan
21 0.6733333 nan
21 0.6966667 nan
21 0.7200000 nan
21 0.7433333 nan
21 0.7666667 nan
21 0.7900000 nan
21 0.8133333 nan
21 0.8366667 nan
21 0.8600000 nan
21 0.8833333 nan
21 0.9066667 nan
21 0.9300000 nan
21 0.9533333 nan
21 0.9766667 nan
21 1.0000000 nan
22 0.3000000 nan
22 0.3233333 nan
22 0.3466667 nan
22 0.3700000 nan
22 0.3933333 nan
22 0.4166667 nan
22 0.4400000 nan
22 0.4633333 nan
22 0.4866667 nan
22 0.5100000 nan
22 0.5333333 nan
22 0.5566667 nan
22 0.5800000 nan
22 0.6033333 nan
22 0.6266667 nan
22 0.6500000 nan
22 0.6733333 nan
22 0.6966667 nan
22 0.7200000 nan
22 0.7433333 nan
22 0.7666667 nan
22 0.7900000 nan
22 0.8133333 nan
22 0.8366667 nan
22 0.8600000 nan
22 0.8833333 nan
22 0.9066667 nan
22 0.9300000 nan
22 0.9533333 nan
22 0.9766667 nan
22 1.0000000 nan
23 0.3000000 nan
23 0.3233333 nan
23 0.3466667 nan
23 0.3700000 nan
23 0.3933333 nan
23 0.4166667 nan
23 0.4400000 nan
23 0.4633333 nan
23 0.4866667 nan
23 0.5100000 nan
23 0.5333333 nan
23 0.5566667 nan
23 0.5800000 nan
23 0.6033333 nan
23 0.6266667 nan
23 0.6500000 nan
23 0.6733333 nan
23 0.6966667 nan
23 0.7200000 nan
23 0.7433333 nan
23 0.7666667 nan
23 0.7900000 nan
23 0.8133333 nan
23 0.8366667 nan
23 0.8600000 nan
23 0.8833333 nan
23 0.9066667 nan
23 0.9300000 nan
23 0.9533333 nan
23 0.9766667 nan
23 1.0000000 nan
24 0.3000000 nan
24 0.3233333 nan
24 0.3466667 nan
24 0.3700000 nan
24 0.3933333 nan
24 0.4166667 nan
24 0.4400000 nan
24 0.4633333 nan
24 0.4866667 nan
24 0.5100000 nan
24 0.5333333 nan
24 0.5566667 nan
24 0.5800000 nan
24 0.6033333 nan
24 0.6266667 nan
24 0.6500000 nan
24 0.6733333 nan
24 0.6966667 nan
24 0.7200000 nan
24 0.7433333 nan
24 0.7666667 nan
24 0.7900000 nan
24 0.8133333 nan
24 0.8366667 nan
24 0.8600000 nan
24 0.8833333 nan
24 0.9066667 nan
24 0.9300000 nan
24 0.9533333 nan
24 0.9766667 nan
24 1.0000000 nan
25 0.3000000 nan
25 0.3233333 nan
25 0.3466667 nan
25 0.3700000 nan
25 0.3933333 nan
25 0.4166667 nan
25 0.4400000 nan
25 0.4633333 nan
25 0.4866667 nan
25 0.5100000 nan
25 0.5333333 nan
25 0.5566667 nan
25 0.5800000 nan
25 0.6033333 nan
25 0.6266667 nan
25 0.6500000 nan
25 0.6733333 nan
25 0.6966667 nan
25 0.7200000 nan
25 0.7433333 nan
25 0.7666667 nan
25 0.7900000 nan
25 0.8133333 nan
25 0.8366667 nan
25 0.8600000 nan
25 0.8833333 nan
25 0.9066667 nan
25 0.9300000 nan
25 0.9533333 nan
25 0.9766667 nan
25 1.0000000 nan
