1 0.5000000 nan
1 0.5166667 nan
1 0.5333333 nan
1 0.5500000 nan
1 0.5666667 nan
1 0.5833333 nan
1 0.6000000 nan
1 0.6166667 nan
1 0.6333333 nan
1 0.6500000 nan
1 0.6666667 nan
1 0.6833333 nan
1 0.7000000 nan
1 0.7166667 nan
1 0.7333333 nan
1 0.7500000 nan
1 0.7666667 nan
1 0.7833333 nan
1 0.8000000 nan
1 0.8166667 nan
1 0.8333333 nan
1 0.8500000 nan
1 0.8666667 nan
1 0.8833333 nan
1 0.9000000 nan
1 0.9166667 nan
1 0.9333333 nan
1 0.9500000 nan
1 0.9666667 nan
1 0.9833333 nan
2 0.5000000 nan
2 0.5166667 nan
2 0.5333333 nan
2 0.5500000 nan
2 0.5666667 nan
2 0.5833333 nan
2 0.6000000 nan
2 0.6166667 nan
2 0.6333333 nan
2 0.6500000 nan
2 0.6666667 nan
2 0.6833333 nan
2 0.7000000 nan
2 0.7166667 nan
2 0.7333333 nan
2 0.7500000 nan
2 0.7666667 nan
2 0.7833333 nan
2 0.8000000 nan
2 0.8166667 nan
2 0.8333333 nan
2 0.8500000 nan
2 0.8666667 nan
2 0.8833333 nan
2 0.9000000 nan
2 0.9166667 nan
2 0.9333333 nan
2 0.9500000 nan
2 0.9666667 nan
2 0.9833333 nan
3 0.5000000 nan
3 0.5166667 nan
3 0.5333333 nan
3 0.5500000 nan
3 0.5666667 nan
3 0.5833333 nan
3 0.6000000 nan
3 0.6166667 nan
3 0.6333333 nan
3 0.6500000 nan
3 0.6666667 nan
3 0.6833333 nan
3 0.7000000 nan
3 0.7166667 nan
3 0.7333333 nan
3 0.7500000 nan
3 0.7666667 nan
3 0.7833333 nan
3 0.8000000 nan
3 0.8166667 nan
3 0.8333333 nan
3 0.8500000 nan
3 0.8666667 nan
3 0.8833333 nan
3 0.9000000 nan
3 0.9166667 nan
3 0.9333333 nan
3 0.9500000 nan
3 0.9666667 nan
3 0.9833333 nan
4 0.5000000 nan
4 0.5166667 nan
4 0.5333333 nan
4 0.5500000 nan
4 0.5666667 nan
4 0.5833333 nan
4 0.6000000 nan
4 0.6166667 nan
4 0.6333333 nan
4 0.6500000 nan
4 0.6666667 nan
4 0.6833333 nan
4 0.7000000 nan
4 0.7166667 nan
4 0.7333333 nan
4 0.7500000 nan
4 0.7666667 nan
4 0.7833333 nan
4 0.8000000 nan
4 0.8166667 nan
4 0.8333333 nan
4 0.8500000 nan
4 0.8666667 nan
4 0.8833333 nan
4 0.9000000 nan
4 0.9166667 nan
4 0.9333333 nan
4 0.9500000 nan
4 0.9666667 nan
4 0.9833333 nan
5 0.5000000 nan
5 0.5166667 nan
5 0.5333333 nan
5 0.5500000 nan
5 0.5666667 nan
5 0.5833333 nan
5 0.6000000 nan
5 0.6166667 nan
5 0.6333333 nan
5 0.6500000 nan
5 0.6666667 nan
5 0.6833333 nan
5 0.7000000 nan
5 0.7166667 nan
5 0.7333333 nan
5 0.7500000 nan
5 0.7666667 nan
5 0.7833333 nan
5 0.8000000 nan
5 0.8166667 nan
5 0.8333333 nan
5 0.8500000 nan
5 0.8666667 nan
5 0.8833333 nan
5 0.9000000 nan
5 0.9166667 nan
5 0.9333333 nan
5 0.9500000 nan
5 0.9666667 nan
5 0.9833333 nan
6 0.5000000 nan
6 0.5166667 nan
6 0.5333333 nan
6 0.5500000 nan
6 0.5666667 nan
6 0.5833333 nan
6 0.6000000 nan
6 0.6166667 nan
6 0.6333333 nan
6 0.6500000 nan
6 0.6666667 nan
6 0.6833333 nan
6 0.7000000 nan
6 0.7166667 nan
6 0.7333333 nan
6 0.7500000 nan
6 0.7666667 nan
6 0.7833333 nan
6 0.8000000 nan
6 0.8166667 nan
6 0.8333333 nan
6 0.8500000 nan
6 0.8666667 nan
6 0.8833333 nan
6 0.9000000 nan
6 0.9166667 nan
6 0.9333333 nan
6 0.9500000 nan
6 0.9666667 nan
6 0.9833333 nan
7 0.5000000 nan
7 0.5166667 nan
7 0.5333333 nan
7 0.5500000 nan
7 0.5666667 nan
7 0.5833333 nan
7 0.6000000 nan
7 0.6166667 nan
7 0.6333333 nan
7 0.6500000 nan
7 0.6666667 nan
7 0.6833333 nan
7 0.7000000 nan
7 0.7166667 nan
7 0.7333333 nan
7 0.7500000 nan
7 0.7666667 nan
7 0.7833333 nan
7 0.8000000 nan
7 0.8166667 nan
7 0.8333333 nan
7 0.8500000 nan
7 0.8666667 nan
7 0.8833333 nan
7 0.9000000 nan
7 0.9166667 nan
7 0.9333333 nan
7 0.9500000 nan
7 0.9666667 nan
7 0.9833333 nan
8 0.5000000 nan
8 0.5166667 nan
8 0.5333333 nan
8 0.5500000 nan
8 0.5666667 nan
8 0.5833333 nan
8 0.6000000 nan
8 0.6166667 nan
8 0.6333333 nan
8 0.6500000 nan
8 0.6666667 nan
8 0.6833333 nan
8 0.7000000 nan
8 0.7166667 nan
8 0.7333333 nan
8 0.7500000 nan
8 0.7666667 nan
8 0.7833333 nan
8 0.8000000 nan
8 0.8166667 nan
8 0.8333333 nan
8 0.8500000 nan
8 0.8666667 nan
8 0.8833333 nan
8 0.9000000 nan
8 0.9166667 nan
8 0.9333333 nan
8 0.9500000 nan
8 0.9666667 nan
8 0.9833333 nan
9 0.5000000 nan
9 0.5166667 nan
9 0.5333333 nan
9 0.5500000 nan
9 0.5666667 nan
9 0.5833333 nan
9 0.6000000 nan
9 0.6166667 nan
9 0.6333333 nan
9 0.6500000 nan
9 0.6666667 nan
9 0.6833333 nan
9 0.7000000 nan
9 0.7166667 nan
9 0.7333333 nan
9 0.7500000 nan
9 0.7666667 nan
9 0.7833333 nan
9 0.8000000 nan
9 0.8166667 nan
9 0.8333333 nan
9 0.8500000 nan
9 0.8666667 nan
9 0.8833333 nan
9 0.9000000 nan
9 0.9166667 nan
9 0.9333333 nan
9 0.9500000 nan
9 0.9666667 nan
9 0.9833333 nan
10 0.5000000 nan
10 0.5166667 nan
10 0.5333333 nan
10 0.5500000 nan
10 0.5666667 nan
10 0.5833333 nan
10 0.6000000 nan
10 0.6166667 nan
10 0.6333333 nan
10 0.6500000 nan
10 0.6666667 nan
10 0.6833333 nan
10 0.7000000 nan
10 0.7166667 nan
10 0.7333333 nan
10 0.7500000 nan
10 0.7666667 nan
10 0.7833333 nan
10 0.8000000 nan
10 0.8166667 nan
10 0.8333333 nan
10 0.8500000 nan
10 0.8666667 nan
10 0.8833333 nan
10 0.9000000 nan
10 0.9166667 nan
10 0.9333333 nan
10 0.9500000 nan
10 0.9666667 nan
10 0.9833333 nan
11 0.5000000 nan
11 0.5166667 nan
11 0.5333333 nan
11 0.5500000 nan
11 0.5666667 nan
11 0.5833333 nan
11 0.6000000 nan
11 0.6166667 nan
11 0.6333333 nan
11 0.6500000 nan
11 0.6666667 nan
11 0.6833333 nan
11 0.7000000 nan
11 0.7166667 nan
11 0.7333333 nan
11 0.7500000 nan
11 0.7666667 nan
11 0.7833333 nan
11 0.8000000 nan
11 0.8166667 nan
11 0.8333333 nan
11 0.8500000 nan
11 0.8666667 nan
11 0.8833333 nan
11 0.9000000 nan
11 0.9166667 nan
11 0.9333333 nan
11 0.9500000 nan
11 0.9666667 nan
11 0.9833333 nan
12 0.5000000 nan
12 0.5166667 nan
12 0.5333333 nan
12 0.5500000 nan
12 0.5666667 nan
12 0.5833333 nan
12 0.6000000 nan
12 0.6166667 nan
12 0.6333333 nan
12 0.6500000 nan
12 0.6666667 nan
12 0.6833333 nan
12 0.7000000 nan
12 0.7166667 nan
12 0.7333333 nan
12 0.7500000 nan
12 0.7666667 nan
12 0.7833333 nan
12 0.8000000 nan
12 0.8166667 nan
12 0.8333333 nan
12 0.8500000 nan
12 0.8666667 nan
12 0.8833333 nan
12 0.9000000 nan
12 0.9166667 nan
12 0.9333333 nan
12 0.9500000 nan
12 0.9666667 nan
12 0.9833333 nan
13 0.5000000 nan
13 0.5166667 nan
13 0.5333333 nan
13 0.5500000 nan
13 0.5666667 nan
13 0.5833333 nan
13 0.6000000 nan
13 0.6166667 nan
13 0.6333333 nan
13 0.6500000 nan
13 0.6666667 nan
13 0.6833333 nan
13 0.7000000 nan
13 0.7166667 nan
13 0.7333333 nan
13 0.7500000 nan
13 0.7666667 nan
13 0.7833333 nan
13 0.8000000 nan
13 0.8166667 nan
13 0.8333333 nan
13 0.8500000 nan
13 0.8666667 nan
13 0.8833333 nan
13 0.9000000 nan
13 0.9166667 nan
13 0.9333333 nan
13 0.9500000 nan
13 0.9666667 nan
13 0.9833333 nan
14 0.5000000 nan
14 0.5166667 nan
14 0.5333333 nan
14 0.5500000 nan
14 0.5666667 nan
14 0.5833333 nan
14 0.6000000 nan
14 0.6166667 nan
14 0.6333333 nan
14 0.6500000 nan
14 0.6666667 nan
14 0.6833333 nan
14 0.7000000 nan
14 0.7166667 nan
14 0.7333333 nan
14 0.7500000 nan
14 0.7666667 nan
14 0.7833333 nan
14 0.8000000 nan
14 0.8166667 nan
14 0.8333333 nan
14 0.8500000 nan
14 0.8666667 nan
14 0.8833333 nan
14 0.9000000 nan
14 0.9166667 nan
14 0.9333333 nan
14 0.9500000 nan
14 0.9666667 nan
14 0.9833333 nan
15 0.5000000 nan
15 0.5166667 nan
15 0.5333333 nan
15 0.5500000 nan
15 0.5666667 nan
15 0.5833333 nan
15 0.6000000 nan
15 0.6166667 nan
15 0.6333333 nan
15 0.6500000 nan
15 0.6666667 nan
15 0.6833333 nan
15 0.7000000 nan
15 0.7166667 nan
15 0.7333333 nan
15 0.7500000 nan
15 0.7666667 nan
15 0.7833333 nan
15 0.8000000 nan
15 0.8166667 nan
15 0.8333333 nan
15 0.8500000 nan
15 0.8666667 nan
15 0.8833333 nan
15 0.9000000 nan
15 0.9166667 nan
15 0.9333333 nan
15 0.9500000 nan
15 0.9666667 nan
15 0.9833333 nan
16 0.5000000 nan
16 0.5166667 nan
16 0.5333333 nan
16 0.5500000 nan
16 0.5666667 nan
16 0.5833333 nan
16 0.6000000 nan
16 0.6166667 nan
16 0.6333333 nan
16 0.6500000 nan
16 0.6666667 nan
16 0.6833333 nan
16 0.7000000 nan
16 0.7166667 nan
16 0.7333333 nan
16 0.7500000 nan
16 0.7666667 nan
16 0.7833333 nan
16 0.8000000 nan
16 0.8166667 nan
16 0.8333333 nan
16 0.8500000 nan
16 0.8666667 nan
16 0.8833333 nan
16 0.9000000 nan
16 0.9166667 nan
16 0.9333333 nan
16 0.9500000 nan
16 0.9666667 nan
16 0.9833333 nan
17 0.5000000 nan
17 0.5166667 nan
17 0.5333333 nan
17 0.5500000 nan
17 0.5666667 nan
17 0.5833333 nan
17 0.6000000 nan
17 0.6166667 nan
17 0.6333333 nan
17 0.6500000 nan
17 0.6666667 nan
17 0.6833333 nan
17 0.7000000 nan
17 0.7166667 nan
17 0.7333333 nan
17 0.7500000 nan
17 0.7666667 nan
17 0.7833333 nan
17 0.8000000 nan
17 0.8166667 nan
17 0.8333333 nan
17 0.8500000 nan
17 0.8666667 nan
17 0.8833333 nan
17 0.9000000 nan
17 0.9166667 nan
17 0.9333333 nan
17 0.9500000 nan
17 0.9666667 nan
17 0.9833333 nan
18 0.5000000 nan
18 0.5166667 nan
18 0.5333333 nan
18 0.5500000 nan
18 0.5666667 nan
18 0.5833333 nan
18 0.6000000 nan
18 0.6166667 nan
18 0.6333333 nan
18 0.6500000 nan
18 0.6666667 nan
18 0.6833333 nan
18 0.7000000 nan
18 0.7166667 nan
18 0.7333333 nan
18 0.7500000 nan
18 0.7666667 nan
18 0.7833333 nan
18 0.8000000 nan
18 0.8166667 nan
18 0.8333333 nan
18 0.8500000 nan
18 0.8666667 nan
18 0.8833333 nan
18 0.9000000 nan
18 0.9166667 nan
18 0.9333333 nan
18 0.9500000 nan
18 0.9666667 nan
18 0.9833333 nan
19 0.5000000 nan
19 0.5166667 nan
19 0.5333333 nan
19 0.5500000 nan
19 0.5666667 nan
19 0.5833333 nan
19 0.6000000 nan
19 0.6166667 nan
19 0.6333333 nan
19 0.6500000 nan
19 0.6666667 nan
19 0.6833333 nan
19 0.7000000 nan
19 0.7166667 nan
19 0.7333333 nan
19 0.7500000 nan
19 0.7666667 nan
19 0.7833333 nan
19 0.8000000 nan
19 0.8166667 nan
19 0.8333333 nan
19 0.8500000 nan
19 0.8666667 nan
19 0.8833333 nan
19 0.9000000 nan
19 0.9166667 nan
19 0.9333333 nan
19 0.9500000 nan
19 0.9666667 nan
19 0.9833333 nan
20 0.5000000 nan
20 0.5166667 nan
20 0.5333333 nan
20 0.5500000 nan
20 0.5666667 nan
20 0.5833333 nan
20 0.6000000 nan
20 0.6166667 nan
20 0.6333333 nan
20 0.6500000 nan
20 0.6666667 nan
20 0.6833333 nan
20 0.7000000 nan
20 0.7166667 nan
20 0.7333333 nan
20 0.7500000 nan
20 0.7666667 nan
20 0.7833333 nan
20 0.8000000 nan
20 0.8166667 nan
20 0.8333333 nan
20 0.8500000 nan
20 0.8666667 nan
20 0.8833333 nan
20 0.9000000 nan
20 0.9166667 nan
20 0.9333333 nan
20 0.9500000 nan
20 0.9666667 nan
20 0.9833333 nan
21 0.5000000 nan
21 0.5166667 nan
21 0.5333333 nan
21 0.5500000 nan
21 0.5666667 nan
21 0.5833333 nan
21 0.6000000 nan
21 0.6166667 nan
21 0.6333333 nan
21 0.6500000 nan
21 0.6666667 nan
21 0.6833333 nan
21 0.7000000 nan
21 0.7166667 nan
21 0.7333333 nan
21 0.7500000 nan
21 0.7666667 nan
21 0.7833333 nan
21 0.8000000 nan
21 0.8166667 nan
21 0.8333333 nan
21 0.8500000 nan
21 0.8666667 nan
21 0.8833333 nan
21 0.9000000 nan
21 0.9166667 nan
21 0.9333333 nan
21 0.9500000 nan
21 0.9666667 nan
21 0.9833333 nan
22 0.5000000 nan
22 0.5166667 nan
22 0.5333333 nan
22 0.5500000 nan
22 0.5666667 nan
22 0.5833333 nan
22 0.6000000 nan
22 0.6166667 nan
22 0.6333333 nan
22 0.6500000 nan
22 0.6666667 nan
22 0.6833333 nan
22 0.7000000 nan
22 0.7166667 nan
22 0.7333333 nan
22 0.7500000 nan
22 0.7666667 nan
22 0.7833333 nan
22 0.8000000 nan
22 0.8166667 nan
22 0.8333333 nan
22 0.8500000 nan
22 0.8666667 nan
22 0.8833333 nan
22 0.9000000 nan
22 0.9166667 nan
22 0.9333333 nan
22 0.9500000 nan
22 0.9666667 nan
22 0.9833333 nan
23 0.5000000 nan
23 0.5166667 nan
23 0.5333333 nan
23 0.5500000 nan
23 0.5666667 nan
23 0.5833333 nan
23 0.6000000 nan
23 0.6166667 nan
23 0.6333333 nan
23 0.6500000 nan
23 0.6666667 nan
23 0.6833333 nan
23 0.7000000 nan
23 0.7166667 nan
23 0.7333333 nan
23 0.7500000 nan
23 0.7666667 nan
23 0.7833333 nan
23 0.8000000 nan
23 0.8166667 nan
23 0.8333333 nan
23 0.8500000 nan
23 0.8666667 nan
23 0.8833333 nan
23 0.9000000 nan
23 0.9166667 nan
23 0.9333333 nan
23 0.9500000 nan
23 0.9666667 nan
23 0.9833333 nan
24 0.5000000 nan
24 0.5166667 nan
24 0.5333333 nan
24 0.5500000 nan
24 0.5666667 nan
24 0.5833333 nan
24 0.6000000 nan
24 0.6166667 nan
24 0.6333333 nan
24 0.6500000 nan
24 0.6666667 nan
24 0.6833333 nan
24 0.7000000 nan
24 0.7166667 nan
24 0.7333333 nan
24 0.7500000 nan
24 0.7666667 nan
24 0.7833333 nan
24 0.8000000 nan
24 0.8166667 nan
24 0.8333333 nan
24 0.8500000 nan
24 0.8666667 nan
24 0.8833333 nan
24 0.9000000 nan
24 0.9166667 nan
24 0.9333333 nan
24 0.9500000 nan
24 0.9666667 nan
24 0.9833333 nan
25 0.5000000 nan
25 0.5166667 nan
25 0.5333333 nan
25 0.5500000 nan
25 0.5666667 nan
25 0.5833333 nan
25 0.6000000 nan
25 0.6166667 nan
25 0.6333333 nan
25 0.6500000 nan
25 0.6666667 nan
25 0.6833333 nan
25 0.7000000 nan
25 0.7166667 nan
25 0.7333333 nan
25 0.7500000 nan
25 0.7666667 nan
25 0.7833333 nan
25 0.8000000 nan
25 0.8166667 nan
25 0.8333333 nan
25 0.8500000 nan
25 0.8666667 nan
25 0.8833333 nan
25 0.9000000 nan
25 0.9166667 nan
25 0.9333333 nan
25 0.9500000 nan
25 0.9666667 nan
25 0.9833333 nan
26 0.5000000 nan
26 0.5166667 nan
26 0.5333333 nan
26 0.5500000 nan
26 0.5666667 nan
26 0.5833333 nan
26 0.6000000 nan
26 0.6166667 nan
26 0.6333333 nan
26 0.6500000 nan
26 0.6666667 nan
26 0.6833333 nan
26 0.7000000 nan
26 0.7166667 nan
26 0.7333333 nan
26 0.7500000 nan
26 0.7666667 nan
26 0.7833333 nan
26 0.8000000 nan
26 0.8166667 nan
26 0.8333333 nan
26 0.8500000 nan
26 0.8666667 nan
26 0.8833333 nan
26 0.9000000 nan
26 0.9166667 nan
26 0.9333333 nan
26 0.9500000 nan
26 0.9666667 nan
26 0.9833333 nan
27 0.5000000 nan
27 0.5166667 nan
27 0.5333333 nan
27 0.5500000 nan
27 0.5666667 nan
27 0.5833333 nan
27 0.6000000 nan
27 0.6166667 nan
27 0.6333333 nan
27 0.6500000 nan
27 0.6666667 nan
27 0.6833333 nan
27 0.7000000 nan
27 0.7166667 nan
27 0.7333333 nan
27 0.7500000 nan
27 0.7666667 nan
27 0.7833333 nan
27 0.8000000 nan
27 0.8166667 nan
27 0.8333333 nan
27 0.8500000 nan
27 0.8666667 nan
27 0.8833333 nan
27 0.9000000 nan
27 0.9166667 nan
27 0.9333333 nan
27 0.9500000 nan
27 0.9666667 nan
27 0.9833333 nan
28 0.5000000 nan
28 0.5166667 nan
28 0.5333333 nan
28 0.5500000 nan
28 0.5666667 nan
28 0.5833333 nan
28 0.6000000 nan
28 0.6166667 nan
28 0.6333333 nan
28 0.6500000 nan
28 0.6666667 nan
28 0.6833333 nan
28 0.7000000 nan
28 0.7166667 nan
28 0.7333333 nan
28 0.7500000 nan
28 0.7666667 nan
28 0.7833333 nan
28 0.8000000 nan
28 0.8166667 nan
28 0.8333333 nan
28 0.8500000 nan
28 0.8666667 nan
28 0.8833333 nan
28 0.9000000 nan
28 0.9166667 nan
28 0.9333333 nan
28 0.9500000 nan
28 0.9666667 nan
28 0.9833333 nan
29 0.5000000 nan
29 0.5166667 nan
29 0.5333333 nan
29 0.5500000 nan
29 0.5666667 nan
29 0.5833333 nan
29 0.6000000 nan
29 0.6166667 nan
29 0.6333333 nan
29 0.6500000 nan
29 0.6666667 nan
29 0.6833333 nan
29 0.7000000 nan
29 0.7166667 nan
29 0.7333333 nan
29 0.7500000 nan
29 0.7666667 nan
29 0.7833333 nan
29 0.8000000 nan
29 0.8166667 nan
29 0.8333333 nan
29 0.8500000 nan
29 0.8666667 nan
29 0.8833333 nan
29 0.9000000 nan
29 0.9166667 nan
29 0.9333333 nan
29 0.9500000 nan
29 0.9666667 nan
29 0.9833333 nan
30 0.5000000 nan
30 0.5166667 nan
30 0.5333333 nan
30 0.5500000 nan
30 0.5666667 nan
30 0.5833333 nan
30 0.6000000 nan
30 0.6166667 nan
30 0.6333333 nan
30 0.6500000 nan
30 0.6666667 nan
30 0.6833333 nan
30 0.7000000 nan
30 0.7166667 nan
30 0.7333333 nan
30 0.7500000 nan
30 0.7666667 nan
30 0.7833333 nan
30 0.8000000 nan
30 0.8166667 nan
30 0.8333333 nan
30 0.8500000 nan
30 0.8666667 nan
30 0.8833333 nan
30 0.9000000 nan
30 0.9166667 nan
30 0.9333333 nan
30 0.9500000 nan
30 0.9666667 nan
30 0.9833333 nan
31 0.5000000 nan
31 0.5166667 nan
31 0.5333333 nan
31 0.5500000 nan
31 0.5666667 nan
31 0.5833333 nan
31 0.6000000 nan
31 0.6166667 nan
31 0.6333333 nan
31 0.6500000 nan
31 0.6666667 nan
31 0.6833333 nan
31 0.7000000 nan
31 0.7166667 nan
31 0.7333333 nan
31 0.7500000 nan
31 0.7666667 nan
31 0.7833333 nan
31 0.8000000 nan
31 0.8166667 nan
31 0.8333333 nan
31 0.8500000 nan
31 0.8666667 nan
31 0.8833333 nan
31 0.9000000 nan
31 0.9166667 nan
31 0.9333333 nan
31 0.9500000 nan
31 0.9666667 nan
31 0.9833333 nan
32 0.5000000 nan
32 0.5166667 nan
32 0.5333333 nan
32 0.5500000 nan
32 0.5666667 nan
32 0.5833333 nan
32 0.6000000 nan
32 0.6166667 nan
32 0.6333333 nan
32 0.6500000 nan
32 0.6666667 nan
32 0.6833333 nan
32 0.7000000 nan
32 0.7166667 nan
32 0.7333333 nan
32 0.7500000 nan
32 0.7666667 nan
32 0.7833333 nan
32 0.8000000 nan
32 0.8166667 nan
32 0.8333333 nan
32 0.8500000 nan
32 0.8666667 nan
32 0.8833333 nan
32 0.9000000 nan
32 0.9166667 nan
32 0.9333333 nan
32 0.9500000 nan
32 0.9666667 nan
32 0.9833333 nan
33 0.5000000 nan
33 0.5166667 nan
33 0.5333333 nan
33 0.5500000 nan
33 0.5666667 nan
33 0.5833333 nan
33 0.6000000 nan
33 0.6166667 nan
33 0.6333333 nan
33 0.6500000 nan
33 0.6666667 nan
33 0.6833333 nan
33 0.7000000 nan
33 0.7166667 nan
33 0.7333333 nan
33 0.7500000 nan
33 0.7666667 nan
33 0.7833333 nan
33 0.8000000 nan
33 0.8166667 nan
33 0.8333333 nan
33 0.8500000 nan
33 0.8666667 nan
33 0.8833333 nan
33 0.9000000 nan
33 0.9166667 nan
33 0.9333333 nan
33 0.9500000 nan
33 0.9666667 nan
33 0.9833333 nan
34 0.5000000 nan
34 0.5166667 nan
34 0.5333333 nan
34 0.5500000 nan
34 0.5666667 nan
34 0.5833333 nan
34 0.6000000 nan
34 0.6166667 nan
34 0.6333333 nan
34 0.6500000 nan
34 0.6666667 nan
34 0.6833333 nan
34 0.7000000 nan
34 0.7166667 nan
34 0.7333333 nan
34 0.7500000 nan
34 0.7666667 nan
34 0.7833333 nan
34 0.8000000 nan
34 0.8166667 nan
34 0.8333333 nan
34 0.8500000 nan
34 0.8666667 nan
34 0.8833333 nan
34 0.9000000 nan
34 0.9166667 nan
34 0.9333333 nan
34 0.9500000 nan
34 0.9666667 nan
34 0.9833333 nan
35 0.5000000 nan
35 0.5166667 nan
35 0.5333333 nan
35 0.5500000 nan
35 0.5666667 nan
35 0.5833333 nan
35 0.6000000 nan
35 0.6166667 nan
35 0.6333333 nan
35 0.6500000 nan
35 0.6666667 nan
35 0.6833333 nan
35 0.7000000 nan
35 0.7166667 nan
35 0.7333333 nan
35 0.7500000 nan
35 0.7666667 nan
35 0.7833333 nan
35 0.8000000 nan
35 0.8166667 nan
35 0.8333333 nan
35 0.8500000 nan
35 0.8666667 nan
35 0.8833333 nan
35 0.9000000 nan
35 0.9166667 nan
35 0.9333333 nan
35 0.9500000 nan
35 0.9666667 nan
35 0.9833333 nan
36 0.5000000 nan
36 0.5166667 nan
36 0.5333333 nan
36 0.5500000 nan
36 0.5666667 nan
36 0.5833333 nan
36 0.6000000 nan
36 0.6166667 nan
36 0.6333333 nan
36 0.6500000 nan
36 0.6666667 nan
36 0.6833333 nan
36 0.7000000 nan
36 0.7166667 nan
36 0.7333333 nan
36 0.7500000 nan
36 0.7666667 nan
36 0.7833333 nan
36 0.8000000 nan
36 0.8166667 nan
36 0.8333333 nan
36 0.8500000 nan
36 0.8666667 nan
36 0.8833333 nan
36 0.9000000 nan
36 0.9166667 nan
36 0.9333333 nan
36 0.9500000 nan
36 0.9666667 nan
36 0.9833333 nan
37 0.5000000 nan
37 0.5166667 nan
37 0.5333333 nan
37 0.5500000 nan
37 0.5666667 nan
37 0.5833333 nan
37 0.6000000 nan
37 0.6166667 nan
37 0.6333333 nan
37 0.6500000 nan
37 0.6666667 nan
37 0.6833333 nan
37 0.7000000 nan
37 0.7166667 nan
37 0.7333333 nan
37 0.7500000 nan
37 0.7666667 nan
37 0.7833333 nan
37 0.8000000 nan
37 0.8166667 nan
37 0.8333333 nan
37 0.8500000 nan
37 0.8666667 nan
37 0.8833333 nan
37 0.9000000 nan
37 0.9166667 nan
37 0.9333333 nan
37 0.9500000 nan
37 0.9666667 nan
37 0.9833333 nan
38 0.5000000 nan
38 0.5166667 nan
38 0.5333333 nan
38 0.5500000 nan
38 0.5666667 nan
38 0.5833333 nan
38 0.6000000 nan
38 0.6166667 nan
38 0.6333333 nan
38 0.6500000 nan
38 0.6666667 nan
38 0.6833333 nan
38 0.7000000 nan
38 0.7166667 nan
38 0.7333333 nan
38 0.7500000 nan
38 0.7666667 nan
38 0.7833333 nan
38 0.8000000 nan
38 0.8166667 nan
38 0.8333333 nan
38 0.8500000 nan
38 0.8666667 nan
38 0.8833333 nan
38 0.9000000 nan
38 0.9166667 nan
38 0.9333333 nan
38 0.9500000 nan
38 0.9666667 nan
38 0.9833333 nan
39 0.5000000 nan
39 0.5166667 nan
39 0.5333333 nan
39 0.5500000 nan
39 0.5666667 nan
39 0.5833333 nan
39 0.6000000 nan
39 0.6166667 nan
39 0.6333333 nan
39 0.6500000 nan
39 0.6666667 nan
39 0.6833333 nan
39 0.7000000 nan
39 0.7166667 nan
39 0.7333333 nan
39 0.7500000 nan
39 0.7666667 nan
39 0.7833333 nan
39 0.8000000 nan
39 0.8166667 nan
39 0.8333333 nan
39 0.8500000 nan
39 0.8666667 nan
39 0.8833333 nan
39 0.9000000 nan
39 0.9166667 nan
39 0.9333333 nan
39 0.9500000 nan
39 0.9666667 nan
39 0.9833333 nan
40 0.5000000 nan
40 0.5166667 nan
40 0.5333333 nan
40 0.5500000 nan
40 0.5666667 nan
40 0.5833333 nan
40 0.6000000 nan
40 0.6166667 nan
40 0.6333333 nan
40 0.6500000 nan
40 0.6666667 nan
40 0.6833333 nan
40 0.7000000 nan
40 0.7166667 nan
40 0.7333333 nan
40 0.7500000 nan
40 0.7666667 nan
40 0.7833333 nan
40 0.8000000 nan
40 0.8166667 nan
40 0.8333333 nan
40 0.8500000 nan
40 0.8666667 nan
40 0.8833333 nan
40 0.9000000 nan
40 0.9166667 nan
40 0.9333333 nan
40 0.9500000 nan
40 0.9666667 nan
40 0.9833333 nan
41 0.5000000 nan
41 0.5166667 nan
41 0.5333333 nan
41 0.5500000 nan
41 0.5666667 nan
41 0.5833333 nan
41 0.6000000 nan
41 0.6166667 nan
41 0.6333333 nan
41 0.6500000 nan
41 0.6666667 nan
41 0.6833333 nan
41 0.7000000 nan
41 0.7166667 nan
41 0.7333333 nan
41 0.7500000 nan
41 0.7666667 nan
41 0.7833333 nan
41 0.8000000 nan
41 0.8166667 nan
41 0.8333333 nan
41 0.8500000 nan
41 0.8666667 nan
41 0.8833333 nan
41 0.9000000 nan
41 0.9166667 nan
41 0.9333333 nan
41 0.9500000 nan
41 0.9666667 nan
41 0.9833333 nan
42 0.5000000 nan
42 0.5166667 nan
42 0.5333333 nan
42 0.5500000 nan
42 0.5666667 nan
42 0.5833333 nan
42 0.6000000 nan
42 0.6166667 nan
42 0.6333333 nan
42 0.6500000 nan
42 0.6666667 nan
42 0.6833333 nan
42 0.7000000 nan
42 0.7166667 nan
42 0.7333333 nan
42 0.7500000 nan
42 0.7666667 nan
42 0.7833333 nan
42 0.8000000 nan
42 0.8166667 nan
42 0.8333333 nan
42 0.8500000 nan
42 0.8666667 nan
42 0.8833333 nan
42 0.9000000 nan
42 0.9166667 nan
42 0.9333333 nan
42 0.9500000 nan
42 0.9666667 nan
42 0.9833333 nan
43 0.5000000 nan
43 0.5166667 nan
43 0.5333333 nan
43 0.5500000 nan
43 0.5666667 nan
43 0.5833333 nan
43 0.6000000 nan
43 0.6166667 nan
43 0.6333333 nan
43 0.6500000 nan
43 0.6666667 nan
43 0.6833333 nan
43 0.7000000 nan
43 0.7166667 nan
43 0.7333333 nan
43 0.7500000 nan
43 0.7666667 nan
43 0.7833333 nan
43 0.8000000 nan
43 0.8166667 nan
43 0.8333333 nan
43 0.8500000 nan
43 0.8666667 nan
43 0.8833333 nan
43 0.9000000 nan
43 0.9166667 nan
43 0.9333333 nan
43 0.9500000 nan
43 0.9666667 nan
43 0.9833333 nan
44 0.5000000 nan
44 0.5166667 nan
44 0.5333333 nan
44 0.5500000 nan
44 0.5666667 nan
44 0.5833333 nan
44 0.6000000 nan
44 0.6166667 nan
44 0.6333333 nan
44 0.6500000 nan
44 0.6666667 nan
44 0.6833333 nan
44 0.7000000 nan
44 0.7166667 nan
44 0.7333333 nan
44 0.7500000 nan
44 0.7666667 nan
44 0.7833333 nan
44 0.8000000 nan
44 0.8166667 nan
44 0.8333333 nan
44 0.8500000 nan
44 0.8666667 nan
44 0.8833333 nan
44 0.9000000 nan
44 0.9166667 nan
44 0.9333333 nan
44 0.9500000 nan
44 0.9666667 nan
44 0.9833333 nan
45 0.5000000 nan
45 0.5166667 nan
45 0.5333333 nan
45 0.5500000 nan
45 0.5666667 nan
45 0.5833333 nan
45 0.6000000 nan
45 0.6166667 nan
45 0.6333333 nan
45 0.6500000 nan
45 0.6666667 nan
45 0.6833333 nan
45 0.7000000 nan
45 0.7166667 nan
45 0.7333333 nan
45 0.7500000 nan
45 0.7666667 nan
45 0.7833333 nan
45 0.8000000 nan
45 0.8166667 nan
45 0.8333333 nan
45 0.8500000 nan
45 0.8666667 nan
45 0.8833333 nan
45 0.9000000 nan
45 0.9166667 nan
45 0.9333333 nan
45 0.9500000 nan
45 0.9666667 nan
45 0.9833333 nan
46 0.5000000 nan
46 0.5166667 nan
46 0.5333333 nan
46 0.5500000 nan
46 0.5666667 nan
46 0.5833333 nan
46 0.6000000 nan
46 0.6166667 nan
46 0.6333333 nan
46 0.6500000 nan
46 0.6666667 nan
46 0.6833333 nan
46 0.7000000 nan
46 0.7166667 nan
46 0.7333333 nan
46 0.7500000 nan
46 0.7666667 nan
46 0.7833333 nan
46 0.8000000 nan
46 0.8166667 nan
46 0.8333333 nan
46 0.8500000 nan
46 0.8666667 nan
46 0.8833333 nan
46 0.9000000 nan
46 0.9166667 nan
46 0.9333333 nan
46 0.9500000 nan
46 0.9666667 nan
46 0.9833333 nan
47 0.5000000 nan
47 0.5166667 nan
47 0.5333333 nan
47 0.5500000 nan
47 0.5666667 nan
47 0.5833333 nan
47 0.6000000 nan
47 0.6166667 nan
47 0.6333333 nan
47 0.6500000 nan
47 0.6666667 nan
47 0.6833333 nan
47 0.7000000 nan
47 0.7166667 nan
47 0.7333333 nan
47 0.7500000 nan
47 0.7666667 nan
47 0.7833333 nan
47 0.8000000 nan
47 0.8166667 nan
47 0.8333333 nan
47 0.8500000 nan
47 0.8666667 nan
47 0.8833333 nan
47 0.9000000 nan
47 0.9166667 nan
47 0.9333333 nan
47 0.9500000 nan
47 0.9666667 nan
47 0.9833333 nan
48 0.5000000 nan
48 0.5166667 nan
48 0.5333333 nan
48 0.5500000 nan
48 0.5666667 nan
48 0.5833333 nan
48 0.6000000 nan
48 0.6166667 nan
48 0.6333333 nan
48 0.6500000 nan
48 0.6666667 nan
48 0.6833333 nan
48 0.7000000 nan
48 0.7166667 nan
48 0.7333333 nan
48 0.7500000 nan
48 0.7666667 nan
48 0.7833333 nan
48 0.8000000 nan
48 0.8166667 nan
48 0.8333333 nan
48 0.8500000 nan
48 0.8666667 nan
48 0.8833333 nan
48 0.9000000 nan
48 0.9166667 nan
48 0.9333333 nan
48 0.9500000 nan
48 0.9666667 nan
48 0.9833333 nan
49 0.5000000 nan
49 0.5166667 nan
49 0.5333333 nan
49 0.5500000 nan
49 0.5666667 nan
49 0.5833333 nan
49 0.6000000 nan
49 0.6166667 nan
49 0.6333333 nan
49 0.6500000 nan
49 0.6666667 nan
49 0.6833333 nan
49 0.7000000 nan
49 0.7166667 nan
49 0.7333333 nan
49 0.7500000 nan
49 0.7666667 nan
49 0.7833333 nan
49 0.8000000 nan
49 0.8166667 nan
49 0.8333333 nan
49 0.8500000 nan
49 0.8666667 nan
49 0.8833333 nan
49 0.9000000 nan
49 0.9166667 nan
49 0.9333333 nan
49 0.9500000 nan
49 0.9666667 nan
49 0.9833333 nan
50 0.5000000 nan
50 0.5166667 nan
50 0.5333333 nan
50 0.5500000 nan
50 0.5666667 nan
50 0.5833333 nan
50 0.6000000 nan
50 0.6166667 nan
50 0.6333333 nan
50 0.6500000 nan
50 0.6666667 nan
50 0.6833333 nan
50 0.7000000 nan
50 0.7166667 nan
50 0.7333333 nan
50 0.7500000 nan
50 0.7666667 nan
50 0.7833333 nan
50 0.8000000 nan
50 0.8166667 nan
50 0.8333333 nan
50 0.8500000 nan
50 0.8666667 nan
50 0.8833333 nan
50 0.9000000 nan
50 0.9166667 nan
50 0.9333333 nan
50 0.9500000 nan
50 0.9666667 nan
50 0.9833333 nan
