0 1199.95
1 1199.99
2 1200.17
3 1200.06
4 1199.95
5 1199.98
6 1199.95
7 1200
8 1200.07
9 1200.02
10 1199.79
11 1199.69
12 1199.74
13 1199.68
14 1200
15 1200.01
16 1200.13
17 1201.94
18 1199.78
19 1199.9
20 1199.99
21 1199.93
22 1200.04
23 1200.03
24 1199.98
25 1200
26 1199.99
27 1200.07
28 1199.83
29 1199.84
30 1200
31 1200.13
32 1199.96
33 1199.97
34 1199.98
35 1199.99
36 1200.01
37 1199.96
38 1200.09
39 1199.94
40 1200.04
41 1199.95
42 1199.96
43 1199.96
44 1200.15
45 1200.07
46 1199.89
47 1200.05
48 1200.22
49 1200.02
50 1199.99
51 1200.44
52 1199.94
53 1200.09
54 1200.18
55 1199.9
56 1200.34
57 1199.57
58 1200.34
59 1200.01
60 1199.96
61 1200.09
62 1199.93
63 1199.99
64 1200.02
65 1199.66
66 1199.96
67 1200.01
68 1199.85
69 1200.05
70 1200.08
71 1200.04
72 1200
73 1199.8
74 1200.03
75 1200
76 1199.95
77 1199.99
78 1200.36
79 1200
80 1199.99
81 1199.98
82 1199.86
83 1199.92
84 1200
85 1199.99
86 1200.02
87 1199.95
88 1200.17
89 1199.85
90 1199.92
91 1200.17
92 1199.92
93 1200
94 1200
95 1200
96 1199.93
97 1200.15
98 1199.89
99 1199.67
100 1199.92
101 1199.95
102 1200.96
103 1199.58
104 1200.23
105 1200
106 1200
107 1199.89
108 1200.14
109 1200.44
110 1199.4
111 1200.02
112 1199.94
113 1200.29
114 1199.75
115 1201.89
116 1200.05
117 1200.45
118 1199.8
119 1200.12
120 1199.83
121 1200
122 1200.23
123 1200.17
124 1199.64
125 1200
126 1199.79
127 1199.99
128 1199.73
129 1200.04
130 1200.32
131 1199.67
132 1199.93
133 1199.91
134 1199.99
135 1200.89
136 1199.64
137 1199.94
138 1199.98
139 1200
140 1200
141 1201.25
142 1200.04
143 1199.91
144 1199.9
145 1201.06
146 1200.01
147 1200.08
148 1200.18
149 1200.03
150 1200
151 1199.99
152 1199.93
153 1199.97
154 1200
155 1199.76
156 1199.97
157 1200
158 1199.78
159 1199.84
160 1200
161 1200.16
162 1200.51
163 1199.71
164 1200.17
165 1200
166 1199.98
167 1199.98
168 1199.99
169 1199.98
170 1199.98
171 1200.19
172 1200.03
173 1199.96
174 1199.97
175 1200.77
176 1200.38
177 1199.97
178 1200.13
179 1199.84
180 1200.67
181 1200.16
182 1199.68
183 1200.2
184 1200.35
185 1200.03
186 1199.98
187 1199.98
188 1200.05
189 1199.93
190 1199.98
191 1200.07
192 1200.34
193 1199.87
194 1199.92
195 1199.83
196 1199.99
197 1199.88
198 1199.94
199 1200.15
200 1199.99
201 1200
202 1200.12
203 1201.54
204 1200.64
205 1200.65
206 1200.2
207 1199.42
208 1200.34
209 1200.18
210 1199.74
211 1199.89
212 1200.1
213 1199.99
214 1199.91
215 1199.62
216 1199.93
217 1200.05
218 1200.66
219 1200
220 1199.85
221 1200.04
222 1200
223 1199.64
224 1199.57
225 1199.84
226 1199.8
227 1199.92
228 1199.99
229 1199.9
230 1199.69
231 1199.63
232 1199.96
233 1200.05
234 1199.99
235 1200.29
236 1200.43
237 1201.27
238 1199.99
239 1199.9
240 1199.88
241 1199.95
242 1199.6
243 1199.98
244 1200.03
245 1199.97
246 1200.81
247 1200.16
248 1199.94
249 1199.91
250 1199.98
251 1200
252 1201.23
253 1199.96
254 1200.32
255 1200
256 1199.97
257 1199.92
258 1199.57
259 1199.96
260 1199.74
261 1199.76
262 1199.77
263 1199.66
264 1199.87
265 1199.72
266 1199.74
267 1199.99
268 1199.92
269 1199.78
270 1200.05
271 1199.7
272 1200.61
273 1199.96
274 1199.74
275 1199.98
276 1200.23
277 1200
278 1200
279 1199.71
280 1200.05
281 1200.01
282 1199.7
283 1199.95
284 1200.17
285 1200.72
286 1199.96
287 1200.22
288 1200.04
289 1199.98
290 1199.99
291 1200.46
292 1199.97
293 1199.99
294 1199.78
295 1199.99
296 1200.01
297 1199.92
298 1199.66
299 1199.92
300 1199.91
301 1199.96
302 1199.93
303 1200.07
304 1200
305 1200.01
306 1200.16
307 1200.02
308 1199.99
309 1200.09
310 1199.98
311 1200.04
312 1199.9
313 1200.01
314 1200.48
315 1199.98
316 1201.02
317 1200.08
318 1200.09
319 1199.71
320 1200.03
321 1199.82
322 1200.41
323 1199.71
324 1199.71
325 1200.15
326 1200.01
327 1199.99
328 1199.99
329 1200.08
330 1199.96
331 1200.1
332 1199.93
333 1199.96
334 1199.94
335 1199.79
336 1200.06
337 1200.01
338 1200
339 1200.01
340 1200.36
341 1199.6
342 1200.78
343 1199.77
344 1200
345 1199.69
346 1199.93
347 1200.03
348 1199.92
349 1200.33
350 1199.98
351 1200.38
352 1199.7
353 1199.69
354 1200.27
355 1199.92
356 1200.19
357 1199.99
358 1199.77
359 1199.94
360 1199.83
361 1200.07
362 1199.29
363 1200
364 1199.72
365 1200.06
366 1199.93
367 1199.93
368 1199.93
369 1200.44
370 1200.01
371 1199.98
372 1199.95
373 1199.9
374 1199.92
375 1200.04
376 1200
377 1200.24
378 1199.9
379 1199.91
380 1199.92
381 1200.78
382 1199.88
383 1199.59
384 1199.97
385 1201.3
386 1200.19
387 1199.96
388 1199.97
389 1199.93
390 1199.65
391 1199.95
392 1200
393 1200.84
394 1199.99
395 1200
396 1200
397 1199.95
398 1199.72
399 1200.05
400 1200
401 1200.06
402 1199.99
403 1200.02
404 1199.97
405 1199.97
406 1199.99
407 1200.12
408 1199.99
409 1200
410 1199.96
411 1200.25
412 1199.87
413 1199.88
414 1199.58
415 1199.99
416 1199.93
417 1199.9
418 1199.97
419 1199.94
420 1199.88
421 1199.95
422 1200.01
423 1199.95
424 1199.8
425 1199.88
426 1200
427 1199.97
428 1199.83
429 1200.04
430 1200.16
431 1200.03
432 1201.09
433 1200.01
434 1199.88
435 1200
436 1199.92
437 1199.86
438 1199.85
439 1199.97
440 1200.24
441 1199.56
442 1200.2
443 1199.99
444 1201.59
445 1199.81
446 1200.09
447 1200.45
448 1199.38
449 1199.81
450 1200.54
451 1200.23
452 1200.56
453 1200
454 1200
455 1200
456 1199.83
457 1200.09
458 1199.87
459 1200.02
460 1200.44
461 1199.85
462 1199.96
463 1199.89
464 1199.85
465 1200.13
466 1199.97
467 1200.55
468 1199.91
469 1199.98
470 1200.24
471 1199.89
472 1200
473 1199.91
474 1200.04
475 1199.99
476 1199.99
477 1199.67
478 1200.01
479 1199.95
480 1199.98
481 1199.95
482 1200.26
483 1200.03
484 1200.72
485 1200.68
486 1200.73
487 1199.91
488 1199.89
489 1200.02
490 1199.83
491 1199.99
492 1199.34
493 1200.37
494 1200.25
495 1199.97
496 1199.85
497 1199.85
498 1199.94
499 1199.76
500 1199.99
501 1200.26
502 1199.66
503 1199.83
504 1200.36
505 1200.62
506 1200.02
507 1199.69
508 1199.98
509 1200.37
510 1199.83
511 1200.36
512 1200.12
513 1199.94
514 1199.82
515 1200
516 1199.92
517 1199.99
518 1199.64
519 1199.95
520 1200.18
521 1200.44
522 1199.92
523 1199.84
524 1199.66
525 1199.95
526 1201.27
527 1200.32
528 1200.41
529 1200
530 1199.94
531 1200.18
532 1199.99
533 1199.86
534 1199.91
535 1200.41
536 1200.31
537 1199.99
538 1199.99
539 1199.98
540 1201.34
541 1199.6
542 1199.95
543 1200.26
544 1200.27
545 1200.03
546 1199.94
547 1199.9
548 1199.98
549 1199.83
550 1200.13
551 1199.73
552 1199.47
553 1199.98
554 1199.83
555 1199.85
556 1199.83
557 1200.05
558 1199.76
559 1199.69
560 1199.89
561 1200.56
562 1200.03
563 1199.97
564 1199.89
565 1200.35
566 1199.73
567 1199.88
568 1201.27
569 1200.1
570 1199.91
571 1199.82
572 1200.57
573 1199.86
574 1199.95
575 1200.04
576 1200.03
577 1200.03
578 1199.97
579 1200.13
580 1200.07
581 1200.39
582 1199.95
583 1199.67
584 1200
585 1199.85
586 1199.89
587 1199.98
588 1200.12
589 1200
590 1199.99
591 1199.99
592 1199.89
593 1200.06
594 1199.19
595 1199.86
596 1199.89
597 1200.32
598 1199.99
599 1200.53
600 1199.89
601 1199.92
602 1200
603 1199.87
604 1200
605 1200.11
606 1199.96
607 1199.91
608 1200.07
609 1200.04
610 1200.06
611 1199.97
612 1199.96
613 1200.65
614 1199.88
615 1200
616 1201.03
617 1199.95
618 1200.41
619 1200.52
620 1199.92
621 1200.33
622 1199.89
623 1199.97
624 1199.89
625 1201.78
626 1200.18
627 1199.99
628 1200.09
629 1200.43
630 1199.91
631 1199.96
632 1199.86
633 1199.69
634 1200.2
635 1200.04
636 1199.86
637 1199.62
638 1200.16
639 1199.91
640 1199.92
641 1199.98
642 1200.28
643 1199.97
644 1199.86
645 1199.93
646 1200.02
647 1200.43
648 1200.12
649 1199.95
650 1200.04
651 1199.99
652 1199.85
653 1200.1
654 1200
655 1200.78
656 1200.41
657 1199.82
658 1200.04
659 1200
660 1200.04
661 1201.24
662 1199.74
663 1200.21
664 1200.07
665 1200.32
666 1199.95
667 1199.91
668 1200.03
669 1199.78
670 1199.93
671 1199.87
672 1200
673 1200.22
674 1199.98
675 1199.98
676 1200.11
677 1200.13
678 1199.83
679 1200.87
680 1200
681 1200.18
682 1199.98
683 1199.58
684 1199.99
685 1199.98
686 1199.84
687 1199.25
688 1200.01
689 1199.7
690 1199.94
691 1200.3
692 1199.79
693 1199.96
694 1199.89
695 1199.99
696 1199.86
697 1200
698 1199.93
699 1200.01
700 1200
701 1200.13
702 1200.05
703 1200.24
704 1199.95
705 1199.98
706 1199.89
707 1200.01
708 1200
709 1199.91
710 1200.03
711 1200
712 1199.99
713 1201.58
714 1199.44
715 1199.98
716 1200.45
717 1200.49
718 1200.02
719 1199.99
720 1199.91
721 1199.78
722 1200
723 1200.5
724 1200.17
725 1199.99
726 1200.04
727 1199.99
728 1200.23
729 1200.82
730 1200
731 1200.05
732 1200.21
733 1199.9
734 1200.05
735 1199.51
736 1201.82
737 1200.55
738 1199.86
739 1199.88
740 1200
741 1199.99
742 1200.63
743 1199.67
744 1200
745 1199.49
746 1199.98
747 1200.28
748 1199.97
749 1200.62
750 1199.98
751 1200.41
752 1199.99
753 1200
754 1199.93
755 1200
756 1199.63
757 1200.51
758 1199.86
759 1199.94
760 1200
761 1199.63
762 1200.71
763 1199.84
764 1199.73
765 1200
766 1199.67
767 1200.57
768 1200.12
769 1199.99
770 1200.15
771 1199.45
772 1200.14
773 1200.01
774 1199.79
775 1199.63
776 1199.97
777 1200.11
778 1200
779 1199.98
780 1199.93
781 1199.87
782 1200
783 1199.97
784 1200.01
785 1199.95
786 1199.97
787 1199.99
788 1200.05
789 1199.96
790 1199.5
791 1199.69
792 1200
793 1200.6
794 1200
795 1199.64
796 1200.33
797 1200.05
798 1200
799 1199.77
800 1200.45
801 1199.36
802 1199.6
803 1199.45
804 1200
805 1200.17
806 1199.95
807 1199.87
808 1200.01
809 1200
810 1199.99
