0 1200
1 1200
2 1200
3 1200
4 1200
5 1200
6 1200
7 1200
8 1200
9 1200
10 1200
11 1200
12 1200
13 1200
14 1200
15 1200
16 1200
17 1200
18 1200
19 1200
20 1200
21 1200
22 1200
23 1200
24 1200
25 1200
26 1200
27 1200
28 1200
29 1200
30 1200
31 1200
32 1200
33 1200
34 1200
35 1200
36 1200
37 1200
38 1200
39 1200
40 1200
41 1200
42 1200
43 1200
44 1200
45 1200
46 1200
47 1200
48 1200
49 1200
50 1200
51 1200
52 1200
53 1200
54 1200
55 1200
56 1200
57 1200
58 1200
59 1200
60 1200
61 1200
62 1200
63 1200
64 1200
65 1200
66 1200
67 1200
68 1200
69 1200
70 1200
71 1200
72 1200
73 1200
74 1200
75 1200
76 1200
77 1200
78 1200
79 1200
80 1200
81 1200
82 1200
83 1200
84 1200
85 1200
86 1200
87 1200
88 1200
89 1200
90 1200
91 1200
92 1200
93 1200
94 1200
95 1200
96 1200
97 1200
98 1200
99 1200
100 1200
101 1200
102 1200
103 1200
104 1200
105 1200
106 1200
107 1200
108 1200
109 1200
110 1200
111 1200
112 1200
113 1200
114 1200
115 1200
116 1200
117 1200
118 1200
119 1200
120 1200
121 1200
122 1200
123 1200
124 1200
125 1200
126 1200
127 1200
128 1200
129 1200
130 1200
131 1200
132 1200
133 1200
134 1200
135 1200
136 1200
137 1200
138 1200
139 1200
140 1200
141 1200
142 1200
143 1200
144 1200
145 1200
146 1200
147 1200
148 1200
149 1200
150 1200
151 1200
152 1200
153 1200
154 1200
155 1200
156 1200
157 1200
158 1200
159 1200
160 1200
161 1200
162 1200
163 1200
164 1200
165 1200
166 1200
167 1200
168 1200
169 1200
170 1200
171 1200
172 1200
173 1200
174 1200
175 1200
176 1200
177 1200
178 1200
179 1200
180 1200
181 1200
182 1200
183 1200
184 1200
185 1200
186 1200
187 1200
188 1200
189 1200
190 1200
191 1200
192 1200
193 1200
194 1200
195 1200
196 1200
197 1200
198 1200
199 1200
200 1200
201 1200
202 1200
203 1200
204 1200
205 1200
206 1200
207 1200
208 1200
209 1200
210 1200
211 1200
212 1200
213 1200
214 1200
215 1200
216 1200
217 1200
218 1200
219 1200
220 1200
221 1200
222 1200
223 1200
224 1200
225 1200
226 1200
227 1200
228 1200
229 1200
230 1200
231 1200
232 1200
233 1200
234 1200
235 1200
236 1200
237 1200
238 1200
239 1200
240 1200
241 1200
242 1200
243 1200
244 1200
245 1200
246 1200
247 1200
248 1200
249 1200
250 1200
251 1200
252 1200
253 1200
254 1200
255 1200
256 1200
257 1200
258 1200
259 1200
260 1200
261 1200
262 1200
263 1200
264 1200
265 1200
266 1200
267 1200
268 1200
269 1200
270 1200
271 1200
272 1200
273 1200
274 1200
275 1200
276 1200
277 1200
278 1200
279 1200
280 1200
281 1200
282 1200
283 1200
284 1200
285 1200
286 1200
287 1200
288 1200
289 1200
290 1200
291 1200
292 1200
293 1200
294 1200
295 1200
296 1200
297 1200
298 1200
299 1200
300 1200
301 1200
302 1200
303 1200
304 1200
305 1200
306 1200
307 1200
308 1200
309 1200
310 1200
311 1200
312 1200
313 1200
314 1200
315 1200
316 1200
317 1200
318 1200
319 1200
320 1200
321 1200
322 1200
323 1200
324 1200
325 1200
326 1200
327 1200
328 1200
329 1200
330 1200
331 1200
332 1200
333 1200
334 1200
335 1200
336 1200
337 1200
338 1200
339 1200
340 1200
341 1200
342 1200
343 1200
344 1200
345 1200
346 1200
347 1200
348 1200
349 1200
350 1200
351 1200
352 1200
353 1200
354 1200
355 1200
356 1200
357 1200
358 1200
359 1200
360 1200
361 1200
362 1200
363 1200
364 1200
365 1200
366 1200
367 1200
368 1200
369 1200
370 1200
371 1200
372 1200
373 1200
374 1200
375 1200
376 1200
377 1200
378 1200
379 1200
380 1200
381 1200
382 1200
383 1200
384 1200
385 1200
386 1200
387 1200
388 1200
389 1200
390 1200
391 1200
392 1200
393 1200
394 1200
395 1200
396 1200
397 1200
398 1200
399 1200
400 1200
401 1200
402 1200
403 1200
404 1200
405 1200
406 1200
407 1200
408 1200
409 1200
410 1200
411 1200
412 1200
413 1200
414 1200
415 1200
416 1200
417 1200
418 1200
419 1200
420 1200
421 1200
422 1200
423 1200
424 1200
425 1200
426 1200
427 1200
428 1200
429 1200
430 1200
431 1200
432 1200
433 1200
434 1200
435 1200
436 1200
437 1200
438 1200
439 1200
440 1200
441 1200
442 1200
443 1200
444 1200
445 1200
446 1200
447 1200
448 1200
449 1200
450 1200
451 1200
452 1200
453 1200
454 1200
455 1200
456 1200
457 1200
458 1200
459 1200
460 1200
461 1200
462 1200
463 1200
464 1200
465 1200
466 1200
467 1200
468 1200
469 1200
470 1200
471 1200
472 1200
473 1200
474 1200
475 1200
476 1200
477 1200
478 1200
479 1200
480 1200
481 1200
482 1200
483 1200
484 1200
485 1200
486 1200
487 1200
488 1200
489 1200
490 1200
491 1200
492 1200
493 1200
494 1200
495 1200
496 1200
497 1200
498 1200
499 1200
500 1200
501 1200
502 1200
503 1200
504 1200
505 1200
506 1200
507 1200
508 1200
509 1200
510 1200
511 1200
512 1200
513 1200
514 1200
515 1200
516 1200
517 1200
518 1200
519 1200
520 1200
521 1200
522 1200
523 1200
524 1200
525 1200
526 1200
527 1200
528 1200
529 1200
530 1200
531 1200
532 1200
533 1200
534 1200
535 1200
536 1200
537 1200
538 1200
539 1200
540 1200
541 1200
542 1200
543 1200
544 1200
545 1200
546 1200
547 1200
548 1200
549 1200
550 1200
551 1200
552 1200
553 1200
554 1200
555 1200
556 1200
557 1200
558 1200
559 1200
560 1200
561 1200
562 1200
563 1200
564 1200
565 1200
566 1200
567 1200
568 1200
569 1200
570 1200
571 1200
572 1200
573 1200
574 1200
575 1200
576 1200
577 1200
578 1200
579 1200
580 1200
581 1200
582 1200
583 1200
584 1200
585 1200
586 1200
587 1200
588 1200
589 1200
590 1200
591 1200
592 1200
593 1200
594 1200
595 1200
596 1200
597 1200
598 1200
599 1200
600 1200
601 1200
602 1200
603 1200
604 1200
605 1200
606 1200
607 1200
608 1200
609 1200
610 1200
611 1200
612 1200
613 1200
614 1200
615 1200
616 1200
617 1200
618 1200
619 1200
620 1200
621 1200
622 1200
623 1200
624 1200
625 1200
626 1200
627 1200
628 1200
629 1200
630 1200
631 1200
632 1200
633 1200
634 1200
635 1200
636 1200
637 1200
638 1200
639 1200
640 1200
641 1200
642 1200
643 1200
644 1200
645 1200
646 1200
647 1200
648 1200
649 1200
650 1200
651 1200
652 1200
653 1200
654 1200
655 1200
656 1200
657 1200
658 1200
659 1200
660 1200
661 1200
662 1200
663 1200
664 1200
665 1200
666 1200
667 1200
668 1200
669 1200
670 1200
671 1200
672 1200
673 1200
674 1200
675 1200
676 1200
677 1200
678 1200
679 1200
680 1200
681 1200
682 1200
683 1200
684 1200
685 1200
686 1200
687 1200
688 1200
689 1200
690 1200
691 1200
692 1200
693 1200
694 1200
695 1200
696 1200
697 1200
698 1200
699 1200
700 1200
701 1200
702 1200
703 1200
704 1200
705 1200
706 1200
707 1200
708 1200
709 1200
710 1200
711 1200
712 1200
713 1200
714 1200
715 1200
716 1200
717 1200
718 1200
719 1200
720 1200
721 1200
722 1200
723 1200
724 1200
725 1200
726 1200
727 1200
728 1200
729 1200
730 1200
731 1200
732 1200
733 1200
734 1200
735 1200
736 1200
737 1200
738 1200
739 1200
740 1200
741 1200
742 1200
743 1200
744 1200
745 1200
746 1200
747 1200
748 1200
749 1200
750 1200
751 1200
752 1200
753 1200
754 1200
755 1200
756 1200
757 1200
758 1200
759 1200
760 1200
761 1200
762 1200
763 1200
764 1200
765 1200
766 1200
767 1200
768 1200
769 1200
770 1200
771 1200
772 1200
773 1200
774 1200
775 1200
776 1200
777 1200
778 1200
779 1200
780 1200
781 1200
782 1200
783 1200
784 1200
785 1200
786 1200
787 1200
788 1200
789 1200
790 1200
791 1200
792 1200
793 1200
794 1200
795 1200
796 1200
797 1200
798 1200
799 1200
800 1200
801 1200
802 1200
803 1200
804 1200
805 1200
806 1200
807 1200
808 1200
809 1200
810 1200
