20.0000000 0.0200000 0.2044232
20.0000000 0.0217143 0.2044111
20.0000000 0.0234286 0.2043992
20.0000000 0.0251429 0.2043875
20.0000000 0.0268571 0.2043760
20.0000000 0.0285714 0.2043647
20.0000000 0.0302857 0.2043535
20.0000000 0.0320000 0.2043425
20.0000000 0.0337143 0.2043317
20.0000000 0.0354286 0.2043211
20.0000000 0.0371429 0.2043107
20.0000000 0.0388571 0.2043005
20.0000000 0.0405714 0.2042904
20.0000000 0.0422857 0.2042805
20.0000000 0.0440000 0.2042709
20.0000000 0.0457143 0.2042613
20.0000000 0.0474286 0.2042520
20.0000000 0.0491429 0.2042429
20.0000000 0.0508571 0.2042339
20.0000000 0.0525714 0.2042251
20.0000000 0.0542857 0.2042165
20.0000000 0.0560000 0.2042081
20.0000000 0.0577143 0.2041999
20.0000000 0.0594286 0.2041918
20.0000000 0.0611429 0.2041840
20.0000000 0.0628571 0.2041763
20.0000000 0.0645714 0.2041688
20.0000000 0.0662857 0.2041614
20.0000000 0.0680000 0.2041543
20.0000000 0.0697143 0.2041473
20.0000000 0.0714286 0.2041405
20.0000000 0.0731429 0.2041339
20.0000000 0.0748571 0.2041275
20.0000000 0.0765714 0.2041212
20.0000000 0.0782857 0.2041152
20.0000000 0.0800000 0.2041093
21.7142857 0.0200000 0.2041692
21.7142857 0.0217143 0.2041588
21.7142857 0.0234286 0.2041487
21.7142857 0.0251429 0.2041387
21.7142857 0.0268571 0.2041290
21.7142857 0.0285714 0.2041194
21.7142857 0.0302857 0.2041100
21.7142857 0.0320000 0.2041008
21.7142857 0.0337143 0.2040918
21.7142857 0.0354286 0.2040830
21.7142857 0.0371429 0.2040744
21.7142857 0.0388571 0.2040660
21.7142857 0.0405714 0.2040578
21.7142857 0.0422857 0.2040498
21.7142857 0.0440000 0.2040419
21.7142857 0.0457143 0.2040343
21.7142857 0.0474286 0.2040268
21.7142857 0.0491429 0.2040196
21.7142857 0.0508571 0.2040125
21.7142857 0.0525714 0.2040056
21.7142857 0.0542857 0.2039989
21.7142857 0.0560000 0.2039924
21.7142857 0.0577143 0.2039861
21.7142857 0.0594286 0.2039800
21.7142857 0.0611429 0.2039741
21.7142857 0.0628571 0.2039683
21.7142857 0.0645714 0.2039628
21.7142857 0.0662857 0.2039574
21.7142857 0.0680000 0.2039522
21.7142857 0.0697143 0.2039473
21.7142857 0.0714286 0.2039425
21.7142857 0.0731429 0.2039379
21.7142857 0.0748571 0.2039334
21.7142857 0.0765714 0.2039292
21.7142857 0.0782857 0.2039252
21.7142857 0.0800000 0.2039213
23.4285714 0.0200000 0.2039900
23.4285714 0.0217143 0.2039815
23.4285714 0.0234286 0.2039732
23.4285714 0.0251429 0.2039650
23.4285714 0.0268571 0.2039571
23.4285714 0.0285714 0.2039494
23.4285714 0.0302857 0.2039419
23.4285714 0.0320000 0.2039345
23.4285714 0.0337143 0.2039274
23.4285714 0.0354286 0.2039205
23.4285714 0.0371429 0.2039137
23.4285714 0.0388571 0.2039072
23.4285714 0.0405714 0.2039009
23.4285714 0.0422857 0.2038948
23.4285714 0.0440000 0.2038888
23.4285714 0.0457143 0.2038831
23.4285714 0.0474286 0.2038776
23.4285714 0.0491429 0.2038723
23.4285714 0.0508571 0.2038671
23.4285714 0.0525714 0.2038622
23.4285714 0.0542857 0.2038575
23.4285714 0.0560000 0.2038530
23.4285714 0.0577143 0.2038486
23.4285714 0.0594286 0.2038445
23.4285714 0.0611429 0.2038405
23.4285714 0.0628571 0.2038368
23.4285714 0.0645714 0.2038333
23.4285714 0.0662857 0.2038299
23.4285714 0.0680000 0.2038268
23.4285714 0.0697143 0.2038238
23.4285714 0.0714286 0.2038211
23.4285714 0.0731429 0.2038185
23.4285714 0.0748571 0.2038162
23.4285714 0.0765714 0.2038140
23.4285714 0.0782857 0.2038120
23.4285714 0.0800000 0.2038103
25.1428571 0.0200000 0.2038765
25.1428571 0.0217143 0.2038698
25.1428571 0.0234286 0.2038633
25.1428571 0.0251429 0.2038571
25.1428571 0.0268571 0.2038510
25.1428571 0.0285714 0.2038452
25.1428571 0.0302857 0.2038396
25.1428571 0.0320000 0.2038342
25.1428571 0.0337143 0.2038290
25.1428571 0.0354286 0.2038240
25.1428571 0.0371429 0.2038192
25.1428571 0.0388571 0.2038146
25.1428571 0.0405714 0.2038102
25.1428571 0.0422857 0.2038060
25.1428571 0.0440000 0.2038021
25.1428571 0.0457143 0.2037983
25.1428571 0.0474286 0.2037948
25.1428571 0.0491429 0.2037914
25.1428571 0.0508571 0.2037883
25.1428571 0.0525714 0.2037854
25.1428571 0.0542857 0.2037826
25.1428571 0.0560000 0.2037801
25.1428571 0.0577143 0.2037778
25.1428571 0.0594286 0.2037757
25.1428571 0.0611429 0.2037738
25.1428571 0.0628571 0.2037721
25.1428571 0.0645714 0.2037706
25.1428571 0.0662857 0.2037694
25.1428571 0.0680000 0.2037683
25.1428571 0.0697143 0.2037674
25.1428571 0.0714286 0.2037667
25.1428571 0.0731429 0.2037663
25.1428571 0.0748571 0.2037660
25.1428571 0.0765714 0.2037660
25.1428571 0.0782857 0.2037661
25.1428571 0.0800000 0.2037665
26.8571429 0.0200000 0.2038209
26.8571429 0.0217143 0.2038161
26.8571429 0.0234286 0.2038116
26.8571429 0.0251429 0.2038073
26.8571429 0.0268571 0.2038031
26.8571429 0.0285714 0.2037992
26.8571429 0.0302857 0.2037956
26.8571429 0.0320000 0.2037921
26.8571429 0.0337143 0.2037889
26.8571429 0.0354286 0.2037858
26.8571429 0.0371429 0.2037830
26.8571429 0.0388571 0.2037804
26.8571429 0.0405714 0.2037780
26.8571429 0.0422857 0.2037759
26.8571429 0.0440000 0.2037739
26.8571429 0.0457143 0.2037722
26.8571429 0.0474286 0.2037706
26.8571429 0.0491429 0.2037693
26.8571429 0.0508571 0.2037682
26.8571429 0.0525714 0.2037674
26.8571429 0.0542857 0.2037667
26.8571429 0.0560000 0.2037662
26.8571429 0.0577143 0.2037660
26.8571429 0.0594286 0.2037660
26.8571429 0.0611429 0.2037661
26.8571429 0.0628571 0.2037665
26.8571429 0.0645714 0.2037671
26.8571429 0.0662857 0.2037679
26.8571429 0.0680000 0.2037690
26.8571429 0.0697143 0.2037702
26.8571429 0.0714286 0.2037717
26.8571429 0.0731429 0.2037733
26.8571429 0.0748571 0.2037752
26.8571429 0.0765714 0.2037773
26.8571429 0.0782857 0.2037796
26.8571429 0.0800000 0.2037821
28.5714286 0.0200000 0.2038170
28.5714286 0.0217143 0.2038142
28.5714286 0.0234286 0.2038117
28.5714286 0.0251429 0.2038093
28.5714286 0.0268571 0.2038072
28.5714286 0.0285714 0.2038053
28.5714286 0.0302857 0.2038036
28.5714286 0.0320000 0.2038021
28.5714286 0.0337143 0.2038009
28.5714286 0.0354286 0.2037999
28.5714286 0.0371429 0.2037991
28.5714286 0.0388571 0.2037985
28.5714286 0.0405714 0.2037982
28.5714286 0.0422857 0.2037980
28.5714286 0.0440000 0.2037981
28.5714286 0.0457143 0.2037984
28.5714286 0.0474286 0.2037990
28.5714286 0.0491429 0.2037997
28.5714286 0.0508571 0.2038007
28.5714286 0.0525714 0.2038019
28.5714286 0.0542857 0.2038033
28.5714286 0.0560000 0.2038050
28.5714286 0.0577143 0.2038068
28.5714286 0.0594286 0.2038089
28.5714286 0.0611429 0.2038112
28.5714286 0.0628571 0.2038137
28.5714286 0.0645714 0.2038164
28.5714286 0.0662857 0.2038194
28.5714286 0.0680000 0.2038225
28.5714286 0.0697143 0.2038259
28.5714286 0.0714286 0.2038295
28.5714286 0.0731429 0.2038333
28.5714286 0.0748571 0.2038374
28.5714286 0.0765714 0.2038416
28.5714286 0.0782857 0.2038461
28.5714286 0.0800000 0.2038508
30.2857143 0.0200000 0.2038598
30.2857143 0.0217143 0.2038590
30.2857143 0.0234286 0.2038585
30.2857143 0.0251429 0.2038581
30.2857143 0.0268571 0.2038580
30.2857143 0.0285714 0.2038581
30.2857143 0.0302857 0.2038585
30.2857143 0.0320000 0.2038591
30.2857143 0.0337143 0.2038599
30.2857143 0.0354286 0.2038609
30.2857143 0.0371429 0.2038622
30.2857143 0.0388571 0.2038637
30.2857143 0.0405714 0.2038654
30.2857143 0.0422857 0.2038673
30.2857143 0.0440000 0.2038695
30.2857143 0.0457143 0.2038719
30.2857143 0.0474286 0.2038746
30.2857143 0.0491429 0.2038774
30.2857143 0.0508571 0.2038805
30.2857143 0.0525714 0.2038838
30.2857143 0.0542857 0.2038873
30.2857143 0.0560000 0.2038911
30.2857143 0.0577143 0.2038951
30.2857143 0.0594286 0.2038993
30.2857143 0.0611429 0.2039037
30.2857143 0.0628571 0.2039084
30.2857143 0.0645714 0.2039133
30.2857143 0.0662857 0.2039184
30.2857143 0.0680000 0.2039237
30.2857143 0.0697143 0.2039293
30.2857143 0.0714286 0.2039351
30.2857143 0.0731429 0.2039411
30.2857143 0.0748571 0.2039473
30.2857143 0.0765714 0.2039537
30.2857143 0.0782857 0.2039604
30.2857143 0.0800000 0.2039673
32.0000000 0.0200000 0.2039450
32.0000000 0.0217143 0.2039462
32.0000000 0.0234286 0.2039477
32.0000000 0.0251429 0.2039494
32.0000000 0.0268571 0.2039514
32.0000000 0.0285714 0.2039536
32.0000000 0.0302857 0.2039560
32.0000000 0.0320000 0.2039586
32.0000000 0.0337143 0.2039615
32.0000000 0.0354286 0.2039647
32.0000000 0.0371429 0.2039680
32.0000000 0.0388571 0.2039716
32.0000000 0.0405714 0.2039754
32.0000000 0.0422857 0.2039795
32.0000000 0.0440000 0.2039838
32.0000000 0.0457143 0.2039883
32.0000000 0.0474286 0.2039931
32.0000000 0.0491429 0.2039981
32.0000000 0.0508571 0.2040033
32.0000000 0.0525714 0.2040087
32.0000000 0.0542857 0.2040144
32.0000000 0.0560000 0.2040203
32.0000000 0.0577143 0.2040265
32.0000000 0.0594286 0.2040329
32.0000000 0.0611429 0.2040395
32.0000000 0.0628571 0.2040463
32.0000000 0.0645714 0.2040534
32.0000000 0.0662857 0.2040607
32.0000000 0.0680000 0.2040682
32.0000000 0.0697143 0.2040760
32.0000000 0.0714286 0.2040839
32.0000000 0.0731429 0.2040922
32.0000000 0.0748571 0.2041006
32.0000000 0.0765714 0.2041093
32.0000000 0.0782857 0.2041182
32.0000000 0.0800000 0.2041273
33.7142857 0.0200000 0.2040689
33.7142857 0.0217143 0.2040722
33.7142857 0.0234286 0.2040758
33.7142857 0.0251429 0.2040796
33.7142857 0.0268571 0.2040836
33.7142857 0.0285714 0.2040879
33.7142857 0.0302857 0.2040924
33.7142857 0.0320000 0.2040972
33.7142857 0.0337143 0.2041022
33.7142857 0.0354286 0.2041075
33.7142857 0.0371429 0.2041129
33.7142857 0.0388571 0.2041187
33.7142857 0.0405714 0.2041246
33.7142857 0.0422857 0.2041308
33.7142857 0.0440000 0.2041373
33.7142857 0.0457143 0.2041439
33.7142857 0.0474286 0.2041509
33.7142857 0.0491429 0.2041580
33.7142857 0.0508571 0.2041654
33.7142857 0.0525714 0.2041730
33.7142857 0.0542857 0.2041809
33.7142857 0.0560000 0.2041890
33.7142857 0.0577143 0.2041973
33.7142857 0.0594286 0.2042059
33.7142857 0.0611429 0.2042147
33.7142857 0.0628571 0.2042237
33.7142857 0.0645714 0.2042330
33.7142857 0.0662857 0.2042425
33.7142857 0.0680000 0.2042523
33.7142857 0.0697143 0.2042623
33.7142857 0.0714286 0.2042725
33.7142857 0.0731429 0.2042829
33.7142857 0.0748571 0.2042936
33.7142857 0.0765714 0.2043045
33.7142857 0.0782857 0.2043156
33.7142857 0.0800000 0.2043270
35.4285714 0.0200000 0.2042285
35.4285714 0.0217143 0.2042340
35.4285714 0.0234286 0.2042396
35.4285714 0.0251429 0.2042456
35.4285714 0.0268571 0.2042517
35.4285714 0.0285714 0.2042582
35.4285714 0.0302857 0.2042648
35.4285714 0.0320000 0.2042717
35.4285714 0.0337143 0.2042789
35.4285714 0.0354286 0.2042863
35.4285714 0.0371429 0.2042939
35.4285714 0.0388571 0.2043018
35.4285714 0.0405714 0.2043099
35.4285714 0.0422857 0.2043183
35.4285714 0.0440000 0.2043269
35.4285714 0.0457143 0.2043358
35.4285714 0.0474286 0.2043449
35.4285714 0.0491429 0.2043542
35.4285714 0.0508571 0.2043638
35.4285714 0.0525714 0.2043736
35.4285714 0.0542857 0.2043837
35.4285714 0.0560000 0.2043940
35.4285714 0.0577143 0.2044045
35.4285714 0.0594286 0.2044153
35.4285714 0.0611429 0.2044263
35.4285714 0.0628571 0.2044376
35.4285714 0.0645714 0.2044491
35.4285714 0.0662857 0.2044609
35.4285714 0.0680000 0.2044729
35.4285714 0.0697143 0.2044851
35.4285714 0.0714286 0.2044975
35.4285714 0.0731429 0.2045102
35.4285714 0.0748571 0.2045232
35.4285714 0.0765714 0.2045364
35.4285714 0.0782857 0.2045498
35.4285714 0.0800000 0.2045634
37.1428571 0.0200000 0.2044213
37.1428571 0.0217143 0.2044288
37.1428571 0.0234286 0.2044367
37.1428571 0.0251429 0.2044447
37.1428571 0.0268571 0.2044531
37.1428571 0.0285714 0.2044616
37.1428571 0.0302857 0.2044705
37.1428571 0.0320000 0.2044795
37.1428571 0.0337143 0.2044889
37.1428571 0.0354286 0.2044984
37.1428571 0.0371429 0.2045083
37.1428571 0.0388571 0.2045183
37.1428571 0.0405714 0.2045287
37.1428571 0.0422857 0.2045392
37.1428571 0.0440000 0.2045501
37.1428571 0.0457143 0.2045611
37.1428571 0.0474286 0.2045724
37.1428571 0.0491429 0.2045840
37.1428571 0.0508571 0.2045958
37.1428571 0.0525714 0.2046078
37.1428571 0.0542857 0.2046201
37.1428571 0.0560000 0.2046327
37.1428571 0.0577143 0.2046455
37.1428571 0.0594286 0.2046585
37.1428571 0.0611429 0.2046718
37.1428571 0.0628571 0.2046853
37.1428571 0.0645714 0.2046990
37.1428571 0.0662857 0.2047130
37.1428571 0.0680000 0.2047273
37.1428571 0.0697143 0.2047418
37.1428571 0.0714286 0.2047565
37.1428571 0.0731429 0.2047715
37.1428571 0.0748571 0.2047867
37.1428571 0.0765714 0.2048022
37.1428571 0.0782857 0.2048179
37.1428571 0.0800000 0.2048338
38.8571429 0.0200000 0.2046448
38.8571429 0.0217143 0.2046546
38.8571429 0.0234286 0.2046646
38.8571429 0.0251429 0.2046749
38.8571429 0.0268571 0.2046854
38.8571429 0.0285714 0.2046961
38.8571429 0.0302857 0.2047072
38.8571429 0.0320000 0.2047184
38.8571429 0.0337143 0.2047300
38.8571429 0.0354286 0.2047417
38.8571429 0.0371429 0.2047538
38.8571429 0.0388571 0.2047661
38.8571429 0.0405714 0.2047786
38.8571429 0.0422857 0.2047914
38.8571429 0.0440000 0.2048044
38.8571429 0.0457143 0.2048177
38.8571429 0.0474286 0.2048313
38.8571429 0.0491429 0.2048451
38.8571429 0.0508571 0.2048591
38.8571429 0.0525714 0.2048734
38.8571429 0.0542857 0.2048880
38.8571429 0.0560000 0.2049028
38.8571429 0.0577143 0.2049178
38.8571429 0.0594286 0.2049331
38.8571429 0.0611429 0.2049486
38.8571429 0.0628571 0.2049644
38.8571429 0.0645714 0.2049805
38.8571429 0.0662857 0.2049967
38.8571429 0.0680000 0.2050133
38.8571429 0.0697143 0.2050301
38.8571429 0.0714286 0.2050471
38.8571429 0.0731429 0.2050643
38.8571429 0.0748571 0.2050819
38.8571429 0.0765714 0.2050996
38.8571429 0.0782857 0.2051176
38.8571429 0.0800000 0.2051359
40.5714286 0.0200000 0.2048973
40.5714286 0.0217143 0.2049093
40.5714286 0.0234286 0.2049215
40.5714286 0.0251429 0.2049340
40.5714286 0.0268571 0.2049467
40.5714286 0.0285714 0.2049597
40.5714286 0.0302857 0.2049729
40.5714286 0.0320000 0.2049864
40.5714286 0.0337143 0.2050002
40.5714286 0.0354286 0.2050142
40.5714286 0.0371429 0.2050285
40.5714286 0.0388571 0.2050430
40.5714286 0.0405714 0.2050578
40.5714286 0.0422857 0.2050728
40.5714286 0.0440000 0.2050881
40.5714286 0.0457143 0.2051037
40.5714286 0.0474286 0.2051195
40.5714286 0.0491429 0.2051355
40.5714286 0.0508571 0.2051518
40.5714286 0.0525714 0.2051684
40.5714286 0.0542857 0.2051852
40.5714286 0.0560000 0.2052023
40.5714286 0.0577143 0.2052196
40.5714286 0.0594286 0.2052372
40.5714286 0.0611429 0.2052550
40.5714286 0.0628571 0.2052731
40.5714286 0.0645714 0.2052914
40.5714286 0.0662857 0.2053100
40.5714286 0.0680000 0.2053288
40.5714286 0.0697143 0.2053479
40.5714286 0.0714286 0.2053672
40.5714286 0.0731429 0.2053868
40.5714286 0.0748571 0.2054066
40.5714286 0.0765714 0.2054267
40.5714286 0.0782857 0.2054470
40.5714286 0.0800000 0.2054676
42.2857143 0.0200000 0.2051770
42.2857143 0.0217143 0.2051912
42.2857143 0.0234286 0.2052056
42.2857143 0.0251429 0.2052203
42.2857143 0.0268571 0.2052353
42.2857143 0.0285714 0.2052505
42.2857143 0.0302857 0.2052660
42.2857143 0.0320000 0.2052818
42.2857143 0.0337143 0.2052978
42.2857143 0.0354286 0.2053141
42.2857143 0.0371429 0.2053306
42.2857143 0.0388571 0.2053474
42.2857143 0.0405714 0.2053644
42.2857143 0.0422857 0.2053818
42.2857143 0.0440000 0.2053993
42.2857143 0.0457143 0.2054172
42.2857143 0.0474286 0.2054352
42.2857143 0.0491429 0.2054536
42.2857143 0.0508571 0.2054722
42.2857143 0.0525714 0.2054910
42.2857143 0.0542857 0.2055102
42.2857143 0.0560000 0.2055295
42.2857143 0.0577143 0.2055492
42.2857143 0.0594286 0.2055690
42.2857143 0.0611429 0.2055892
42.2857143 0.0628571 0.2056096
42.2857143 0.0645714 0.2056302
42.2857143 0.0662857 0.2056511
42.2857143 0.0680000 0.2056722
42.2857143 0.0697143 0.2056936
42.2857143 0.0714286 0.2057153
42.2857143 0.0731429 0.2057372
42.2857143 0.0748571 0.2057594
42.2857143 0.0765714 0.2057818
42.2857143 0.0782857 0.2058044
42.2857143 0.0800000 0.2058273
44.0000000 0.0200000 0.2054824
44.0000000 0.0217143 0.2054988
44.0000000 0.0234286 0.2055155
44.0000000 0.0251429 0.2055325
44.0000000 0.0268571 0.2055497
44.0000000 0.0285714 0.2055672
44.0000000 0.0302857 0.2055850
44.0000000 0.0320000 0.2056030
44.0000000 0.0337143 0.2056213
44.0000000 0.0354286 0.2056399
44.0000000 0.0371429 0.2056587
44.0000000 0.0388571 0.2056778
44.0000000 0.0405714 0.2056971
44.0000000 0.0422857 0.2057167
44.0000000 0.0440000 0.2057366
44.0000000 0.0457143 0.2057567
44.0000000 0.0474286 0.2057771
44.0000000 0.0491429 0.2057978
44.0000000 0.0508571 0.2058187
44.0000000 0.0525714 0.2058398
44.0000000 0.0542857 0.2058613
44.0000000 0.0560000 0.2058830
44.0000000 0.0577143 0.2059049
44.0000000 0.0594286 0.2059271
44.0000000 0.0611429 0.2059496
44.0000000 0.0628571 0.2059723
44.0000000 0.0645714 0.2059952
44.0000000 0.0662857 0.2060185
44.0000000 0.0680000 0.2060420
44.0000000 0.0697143 0.2060657
44.0000000 0.0714286 0.2060897
44.0000000 0.0731429 0.2061139
44.0000000 0.0748571 0.2061384
44.0000000 0.0765714 0.2061632
44.0000000 0.0782857 0.2061882
44.0000000 0.0800000 0.2062134
45.7142857 0.0200000 0.2058121
45.7142857 0.0217143 0.2058309
45.7142857 0.0234286 0.2058499
45.7142857 0.0251429 0.2058691
45.7142857 0.0268571 0.2058886
45.7142857 0.0285714 0.2059084
45.7142857 0.0302857 0.2059285
45.7142857 0.0320000 0.2059488
45.7142857 0.0337143 0.2059694
45.7142857 0.0354286 0.2059903
45.7142857 0.0371429 0.2060114
45.7142857 0.0388571 0.2060328
45.7142857 0.0405714 0.2060544
45.7142857 0.0422857 0.2060764
45.7142857 0.0440000 0.2060986
45.7142857 0.0457143 0.2061210
45.7142857 0.0474286 0.2061437
45.7142857 0.0491429 0.2061667
45.7142857 0.0508571 0.2061899
45.7142857 0.0525714 0.2062134
45.7142857 0.0542857 0.2062372
45.7142857 0.0560000 0.2062612
45.7142857 0.0577143 0.2062855
45.7142857 0.0594286 0.2063100
45.7142857 0.0611429 0.2063348
45.7142857 0.0628571 0.2063599
45.7142857 0.0645714 0.2063852
45.7142857 0.0662857 0.2064108
45.7142857 0.0680000 0.2064366
45.7142857 0.0697143 0.2064627
45.7142857 0.0714286 0.2064891
45.7142857 0.0731429 0.2065157
45.7142857 0.0748571 0.2065425
45.7142857 0.0765714 0.2065696
45.7142857 0.0782857 0.2065970
45.7142857 0.0800000 0.2066246
47.4285714 0.0200000 0.2061651
47.4285714 0.0217143 0.2061861
47.4285714 0.0234286 0.2062074
47.4285714 0.0251429 0.2062290
47.4285714 0.0268571 0.2062508
47.4285714 0.0285714 0.2062730
47.4285714 0.0302857 0.2062953
47.4285714 0.0320000 0.2063180
47.4285714 0.0337143 0.2063409
47.4285714 0.0354286 0.2063641
47.4285714 0.0371429 0.2063875
47.4285714 0.0388571 0.2064113
47.4285714 0.0405714 0.2064353
47.4285714 0.0422857 0.2064595
47.4285714 0.0440000 0.2064840
47.4285714 0.0457143 0.2065088
47.4285714 0.0474286 0.2065339
47.4285714 0.0491429 0.2065592
47.4285714 0.0508571 0.2065848
47.4285714 0.0525714 0.2066106
47.4285714 0.0542857 0.2066367
47.4285714 0.0560000 0.2066631
47.4285714 0.0577143 0.2066897
47.4285714 0.0594286 0.2067166
47.4285714 0.0611429 0.2067438
47.4285714 0.0628571 0.2067712
47.4285714 0.0645714 0.2067989
47.4285714 0.0662857 0.2068268
47.4285714 0.0680000 0.2068550
47.4285714 0.0697143 0.2068835
47.4285714 0.0714286 0.2069122
47.4285714 0.0731429 0.2069412
47.4285714 0.0748571 0.2069704
47.4285714 0.0765714 0.2069999
47.4285714 0.0782857 0.2070297
47.4285714 0.0800000 0.2070597
49.1428571 0.0200000 0.2065402
49.1428571 0.0217143 0.2065636
49.1428571 0.0234286 0.2065872
49.1428571 0.0251429 0.2066111
49.1428571 0.0268571 0.2066353
49.1428571 0.0285714 0.2066598
49.1428571 0.0302857 0.2066845
49.1428571 0.0320000 0.2067095
49.1428571 0.0337143 0.2067347
49.1428571 0.0354286 0.2067603
49.1428571 0.0371429 0.2067861
49.1428571 0.0388571 0.2068121
49.1428571 0.0405714 0.2068385
49.1428571 0.0422857 0.2068651
49.1428571 0.0440000 0.2068920
49.1428571 0.0457143 0.2069191
49.1428571 0.0474286 0.2069465
49.1428571 0.0491429 0.2069742
49.1428571 0.0508571 0.2070022
49.1428571 0.0525714 0.2070304
49.1428571 0.0542857 0.2070588
49.1428571 0.0560000 0.2070876
49.1428571 0.0577143 0.2071166
49.1428571 0.0594286 0.2071459
49.1428571 0.0611429 0.2071754
49.1428571 0.0628571 0.2072052
49.1428571 0.0645714 0.2072352
49.1428571 0.0662857 0.2072656
49.1428571 0.0680000 0.2072961
49.1428571 0.0697143 0.2073270
49.1428571 0.0714286 0.2073581
49.1428571 0.0731429 0.2073894
49.1428571 0.0748571 0.2074210
49.1428571 0.0765714 0.2074529
49.1428571 0.0782857 0.2074850
49.1428571 0.0800000 0.2075174
50.8571429 0.0200000 0.2069366
50.8571429 0.0217143 0.2069623
50.8571429 0.0234286 0.2069883
50.8571429 0.0251429 0.2070145
50.8571429 0.0268571 0.2070411
50.8571429 0.0285714 0.2070679
50.8571429 0.0302857 0.2070949
50.8571429 0.0320000 0.2071223
50.8571429 0.0337143 0.2071499
50.8571429 0.0354286 0.2071778
50.8571429 0.0371429 0.2072060
50.8571429 0.0388571 0.2072344
50.8571429 0.0405714 0.2072631
50.8571429 0.0422857 0.2072921
50.8571429 0.0440000 0.2073214
50.8571429 0.0457143 0.2073509
50.8571429 0.0474286 0.2073807
50.8571429 0.0491429 0.2074107
50.8571429 0.0508571 0.2074411
50.8571429 0.0525714 0.2074717
50.8571429 0.0542857 0.2075025
50.8571429 0.0560000 0.2075336
50.8571429 0.0577143 0.2075650
50.8571429 0.0594286 0.2075967
50.8571429 0.0611429 0.2076286
50.8571429 0.0628571 0.2076608
50.8571429 0.0645714 0.2076932
50.8571429 0.0662857 0.2077259
50.8571429 0.0680000 0.2077589
50.8571429 0.0697143 0.2077921
50.8571429 0.0714286 0.2078256
50.8571429 0.0731429 0.2078594
50.8571429 0.0748571 0.2078934
50.8571429 0.0765714 0.2079277
50.8571429 0.0782857 0.2079622
50.8571429 0.0800000 0.2079970
52.5714286 0.0200000 0.2073533
52.5714286 0.0217143 0.2073813
52.5714286 0.0234286 0.2074097
52.5714286 0.0251429 0.2074383
52.5714286 0.0268571 0.2074672
52.5714286 0.0285714 0.2074964
52.5714286 0.0302857 0.2075259
52.5714286 0.0320000 0.2075556
52.5714286 0.0337143 0.2075856
52.5714286 0.0354286 0.2076159
52.5714286 0.0371429 0.2076465
52.5714286 0.0388571 0.2076773
52.5714286 0.0405714 0.2077084
52.5714286 0.0422857 0.2077397
52.5714286 0.0440000 0.2077714
52.5714286 0.0457143 0.2078033
52.5714286 0.0474286 0.2078355
52.5714286 0.0491429 0.2078679
52.5714286 0.0508571 0.2079006
52.5714286 0.0525714 0.2079336
52.5714286 0.0542857 0.2079669
52.5714286 0.0560000 0.2080004
52.5714286 0.0577143 0.2080342
52.5714286 0.0594286 0.2080682
52.5714286 0.0611429 0.2081026
52.5714286 0.0628571 0.2081371
52.5714286 0.0645714 0.2081720
52.5714286 0.0662857 0.2082071
52.5714286 0.0680000 0.2082425
52.5714286 0.0697143 0.2082781
52.5714286 0.0714286 0.2083140
52.5714286 0.0731429 0.2083501
52.5714286 0.0748571 0.2083866
52.5714286 0.0765714 0.2084232
52.5714286 0.0782857 0.2084602
52.5714286 0.0800000 0.2084974
54.2857143 0.0200000 0.2077895
54.2857143 0.0217143 0.2078200
54.2857143 0.0234286 0.2078507
54.2857143 0.0251429 0.2078818
54.2857143 0.0268571 0.2079131
54.2857143 0.0285714 0.2079446
54.2857143 0.0302857 0.2079765
54.2857143 0.0320000 0.2080086
54.2857143 0.0337143 0.2080410
54.2857143 0.0354286 0.2080737
54.2857143 0.0371429 0.2081067
54.2857143 0.0388571 0.2081399
54.2857143 0.0405714 0.2081734
54.2857143 0.0422857 0.2082072
54.2857143 0.0440000 0.2082412
54.2857143 0.0457143 0.2082755
54.2857143 0.0474286 0.2083101
54.2857143 0.0491429 0.2083450
54.2857143 0.0508571 0.2083801
54.2857143 0.0525714 0.2084155
54.2857143 0.0542857 0.2084511
54.2857143 0.0560000 0.2084871
54.2857143 0.0577143 0.2085232
54.2857143 0.0594286 0.2085597
54.2857143 0.0611429 0.2085964
54.2857143 0.0628571 0.2086334
54.2857143 0.0645714 0.2086707
54.2857143 0.0662857 0.2087082
54.2857143 0.0680000 0.2087460
54.2857143 0.0697143 0.2087840
54.2857143 0.0714286 0.2088223
54.2857143 0.0731429 0.2088609
54.2857143 0.0748571 0.2088997
54.2857143 0.0765714 0.2089388
54.2857143 0.0782857 0.2089782
54.2857143 0.0800000 0.2090178
56.0000000 0.0200000 0.2082446
56.0000000 0.0217143 0.2082775
56.0000000 0.0234286 0.2083106
56.0000000 0.0251429 0.2083441
56.0000000 0.0268571 0.2083778
56.0000000 0.0285714 0.2084118
56.0000000 0.0302857 0.2084460
56.0000000 0.0320000 0.2084806
56.0000000 0.0337143 0.2085154
56.0000000 0.0354286 0.2085505
56.0000000 0.0371429 0.2085858
56.0000000 0.0388571 0.2086215
56.0000000 0.0405714 0.2086574
56.0000000 0.0422857 0.2086936
56.0000000 0.0440000 0.2087301
56.0000000 0.0457143 0.2087668
56.0000000 0.0474286 0.2088038
56.0000000 0.0491429 0.2088411
56.0000000 0.0508571 0.2088786
56.0000000 0.0525714 0.2089164
56.0000000 0.0542857 0.2089545
56.0000000 0.0560000 0.2089928
56.0000000 0.0577143 0.2090314
56.0000000 0.0594286 0.2090703
56.0000000 0.0611429 0.2091095
56.0000000 0.0628571 0.2091489
56.0000000 0.0645714 0.2091886
56.0000000 0.0662857 0.2092285
56.0000000 0.0680000 0.2092687
56.0000000 0.0697143 0.2093092
56.0000000 0.0714286 0.2093499
56.0000000 0.0731429 0.2093909
56.0000000 0.0748571 0.2094321
56.0000000 0.0765714 0.2094736
56.0000000 0.0782857 0.2095154
56.0000000 0.0800000 0.2095574
57.7142857 0.0200000 0.2087179
57.7142857 0.0217143 0.2087531
57.7142857 0.0234286 0.2087887
57.7142857 0.0251429 0.2088246
57.7142857 0.0268571 0.2088607
57.7142857 0.0285714 0.2088971
57.7142857 0.0302857 0.2089338
57.7142857 0.0320000 0.2089708
57.7142857 0.0337143 0.2090080
57.7142857 0.0354286 0.2090455
57.7142857 0.0371429 0.2090833
57.7142857 0.0388571 0.2091214
57.7142857 0.0405714 0.2091598
57.7142857 0.0422857 0.2091984
57.7142857 0.0440000 0.2092373
57.7142857 0.0457143 0.2092764
57.7142857 0.0474286 0.2093158
57.7142857 0.0491429 0.2093555
57.7142857 0.0508571 0.2093955
57.7142857 0.0525714 0.2094358
57.7142857 0.0542857 0.2094763
57.7142857 0.0560000 0.2095170
57.7142857 0.0577143 0.2095581
57.7142857 0.0594286 0.2095994
57.7142857 0.0611429 0.2096409
57.7142857 0.0628571 0.2096828
57.7142857 0.0645714 0.2097249
57.7142857 0.0662857 0.2097672
57.7142857 0.0680000 0.2098099
57.7142857 0.0697143 0.2098528
57.7142857 0.0714286 0.2098959
57.7142857 0.0731429 0.2099393
57.7142857 0.0748571 0.2099830
57.7142857 0.0765714 0.2100269
57.7142857 0.0782857 0.2100711
57.7142857 0.0800000 0.2101155
59.4285714 0.0200000 0.2092086
59.4285714 0.0217143 0.2092464
59.4285714 0.0234286 0.2092844
59.4285714 0.0251429 0.2093227
59.4285714 0.0268571 0.2093612
59.4285714 0.0285714 0.2094001
59.4285714 0.0302857 0.2094392
59.4285714 0.0320000 0.2094786
59.4285714 0.0337143 0.2095183
59.4285714 0.0354286 0.2095583
59.4285714 0.0371429 0.2095985
59.4285714 0.0388571 0.2096390
59.4285714 0.0405714 0.2096798
59.4285714 0.0422857 0.2097208
59.4285714 0.0440000 0.2097622
59.4285714 0.0457143 0.2098037
59.4285714 0.0474286 0.2098456
59.4285714 0.0491429 0.2098877
59.4285714 0.0508571 0.2099302
59.4285714 0.0525714 0.2099728
59.4285714 0.0542857 0.2100158
59.4285714 0.0560000 0.2100590
59.4285714 0.0577143 0.2101024
59.4285714 0.0594286 0.2101462
59.4285714 0.0611429 0.2101902
59.4285714 0.0628571 0.2102345
59.4285714 0.0645714 0.2102790
59.4285714 0.0662857 0.2103238
59.4285714 0.0680000 0.2103688
59.4285714 0.0697143 0.2104141
59.4285714 0.0714286 0.2104597
59.4285714 0.0731429 0.2105056
59.4285714 0.0748571 0.2105517
59.4285714 0.0765714 0.2105980
59.4285714 0.0782857 0.2106446
59.4285714 0.0800000 0.2106915
61.1428571 0.0200000 0.2097163
61.1428571 0.0217143 0.2097565
61.1428571 0.0234286 0.2097970
61.1428571 0.0251429 0.2098377
61.1428571 0.0268571 0.2098787
61.1428571 0.0285714 0.2099200
61.1428571 0.0302857 0.2099616
61.1428571 0.0320000 0.2100035
61.1428571 0.0337143 0.2100456
61.1428571 0.0354286 0.2100880
61.1428571 0.0371429 0.2101307
61.1428571 0.0388571 0.2101736
61.1428571 0.0405714 0.2102168
61.1428571 0.0422857 0.2102603
61.1428571 0.0440000 0.2103041
61.1428571 0.0457143 0.2103482
61.1428571 0.0474286 0.2103925
61.1428571 0.0491429 0.2104370
61.1428571 0.0508571 0.2104819
61.1428571 0.0525714 0.2105270
61.1428571 0.0542857 0.2105724
61.1428571 0.0560000 0.2106180
61.1428571 0.0577143 0.2106639
61.1428571 0.0594286 0.2107101
61.1428571 0.0611429 0.2107566
61.1428571 0.0628571 0.2108033
61.1428571 0.0645714 0.2108502
61.1428571 0.0662857 0.2108974
61.1428571 0.0680000 0.2109449
61.1428571 0.0697143 0.2109927
61.1428571 0.0714286 0.2110407
61.1428571 0.0731429 0.2110889
61.1428571 0.0748571 0.2111375
61.1428571 0.0765714 0.2111862
61.1428571 0.0782857 0.2112353
61.1428571 0.0800000 0.2112846
62.8571429 0.0200000 0.2102404
62.8571429 0.0217143 0.2102830
62.8571429 0.0234286 0.2103259
62.8571429 0.0251429 0.2103691
62.8571429 0.0268571 0.2104126
62.8571429 0.0285714 0.2104564
62.8571429 0.0302857 0.2105004
62.8571429 0.0320000 0.2105447
62.8571429 0.0337143 0.2105893
62.8571429 0.0354286 0.2106342
62.8571429 0.0371429 0.2106793
62.8571429 0.0388571 0.2107247
62.8571429 0.0405714 0.2107704
62.8571429 0.0422857 0.2108163
62.8571429 0.0440000 0.2108625
62.8571429 0.0457143 0.2109090
62.8571429 0.0474286 0.2109558
62.8571429 0.0491429 0.2110028
62.8571429 0.0508571 0.2110501
62.8571429 0.0525714 0.2110977
62.8571429 0.0542857 0.2111455
62.8571429 0.0560000 0.2111936
62.8571429 0.0577143 0.2112419
62.8571429 0.0594286 0.2112905
62.8571429 0.0611429 0.2113394
62.8571429 0.0628571 0.2113886
62.8571429 0.0645714 0.2114380
62.8571429 0.0662857 0.2114876
62.8571429 0.0680000 0.2115375
62.8571429 0.0697143 0.2115877
62.8571429 0.0714286 0.2116381
62.8571429 0.0731429 0.2116888
62.8571429 0.0748571 0.2117398
62.8571429 0.0765714 0.2117910
62.8571429 0.0782857 0.2118424
62.8571429 0.0800000 0.2118942
64.5714286 0.0200000 0.2107802
64.5714286 0.0217143 0.2108253
64.5714286 0.0234286 0.2108707
64.5714286 0.0251429 0.2109164
64.5714286 0.0268571 0.2109623
64.5714286 0.0285714 0.2110085
64.5714286 0.0302857 0.2110550
64.5714286 0.0320000 0.2111018
64.5714286 0.0337143 0.2111489
64.5714286 0.0354286 0.2111962
64.5714286 0.0371429 0.2112438
64.5714286 0.0388571 0.2112916
64.5714286 0.0405714 0.2113398
64.5714286 0.0422857 0.2113882
64.5714286 0.0440000 0.2114368
64.5714286 0.0457143 0.2114858
64.5714286 0.0474286 0.2115350
64.5714286 0.0491429 0.2115845
64.5714286 0.0508571 0.2116342
64.5714286 0.0525714 0.2116842
64.5714286 0.0542857 0.2117345
64.5714286 0.0560000 0.2117850
64.5714286 0.0577143 0.2118358
64.5714286 0.0594286 0.2118869
64.5714286 0.0611429 0.2119382
64.5714286 0.0628571 0.2119897
64.5714286 0.0645714 0.2120416
64.5714286 0.0662857 0.2120937
64.5714286 0.0680000 0.2121460
64.5714286 0.0697143 0.2121986
64.5714286 0.0714286 0.2122515
64.5714286 0.0731429 0.2123046
64.5714286 0.0748571 0.2123580
64.5714286 0.0765714 0.2124116
64.5714286 0.0782857 0.2124655
64.5714286 0.0800000 0.2125196
66.2857143 0.0200000 0.2113353
66.2857143 0.0217143 0.2113829
66.2857143 0.0234286 0.2114308
66.2857143 0.0251429 0.2114789
66.2857143 0.0268571 0.2115273
66.2857143 0.0285714 0.2115760
66.2857143 0.0302857 0.2116250
66.2857143 0.0320000 0.2116742
66.2857143 0.0337143 0.2117237
66.2857143 0.0354286 0.2117735
66.2857143 0.0371429 0.2118235
66.2857143 0.0388571 0.2118739
66.2857143 0.0405714 0.2119245
66.2857143 0.0422857 0.2119753
66.2857143 0.0440000 0.2120264
66.2857143 0.0457143 0.2120778
66.2857143 0.0474286 0.2121295
66.2857143 0.0491429 0.2121814
66.2857143 0.0508571 0.2122336
66.2857143 0.0525714 0.2122861
66.2857143 0.0542857 0.2123388
66.2857143 0.0560000 0.2123917
66.2857143 0.0577143 0.2124450
66.2857143 0.0594286 0.2124985
66.2857143 0.0611429 0.2125522
66.2857143 0.0628571 0.2126062
66.2857143 0.0645714 0.2126605
66.2857143 0.0662857 0.2127150
66.2857143 0.0680000 0.2127698
66.2857143 0.0697143 0.2128248
66.2857143 0.0714286 0.2128801
66.2857143 0.0731429 0.2129357
66.2857143 0.0748571 0.2129914
66.2857143 0.0765714 0.2130475
66.2857143 0.0782857 0.2131038
66.2857143 0.0800000 0.2131603
68.0000000 0.0200000 0.2119051
68.0000000 0.0217143 0.2119552
68.0000000 0.0234286 0.2120055
68.0000000 0.0251429 0.2120561
68.0000000 0.0268571 0.2121070
68.0000000 0.0285714 0.2121582
68.0000000 0.0302857 0.2122096
68.0000000 0.0320000 0.2122613
68.0000000 0.0337143 0.2123133
68.0000000 0.0354286 0.2123655
68.0000000 0.0371429 0.2124181
68.0000000 0.0388571 0.2124708
68.0000000 0.0405714 0.2125239
68.0000000 0.0422857 0.2125772
68.0000000 0.0440000 0.2126308
68.0000000 0.0457143 0.2126846
68.0000000 0.0474286 0.2127388
68.0000000 0.0491429 0.2127931
68.0000000 0.0508571 0.2128478
68.0000000 0.0525714 0.2129026
68.0000000 0.0542857 0.2129578
68.0000000 0.0560000 0.2130132
68.0000000 0.0577143 0.2130689
68.0000000 0.0594286 0.2131248
68.0000000 0.0611429 0.2131810
68.0000000 0.0628571 0.2132374
68.0000000 0.0645714 0.2132941
68.0000000 0.0662857 0.2133511
68.0000000 0.0680000 0.2134083
68.0000000 0.0697143 0.2134657
68.0000000 0.0714286 0.2135234
68.0000000 0.0731429 0.2135814
68.0000000 0.0748571 0.2136396
68.0000000 0.0765714 0.2136980
68.0000000 0.0782857 0.2137567
68.0000000 0.0800000 0.2138156
69.7142857 0.0200000 0.2124892
69.7142857 0.0217143 0.2125417
69.7142857 0.0234286 0.2125945
69.7142857 0.0251429 0.2126476
69.7142857 0.0268571 0.2127010
69.7142857 0.0285714 0.2127546
69.7142857 0.0302857 0.2128085
69.7142857 0.0320000 0.2128627
69.7142857 0.0337143 0.2129171
69.7142857 0.0354286 0.2129718
69.7142857 0.0371429 0.2130268
69.7142857 0.0388571 0.2130820
69.7142857 0.0405714 0.2131375
69.7142857 0.0422857 0.2131933
69.7142857 0.0440000 0.2132493
69.7142857 0.0457143 0.2133056
69.7142857 0.0474286 0.2133622
69.7142857 0.0491429 0.2134190
69.7142857 0.0508571 0.2134761
69.7142857 0.0525714 0.2135334
69.7142857 0.0542857 0.2135910
69.7142857 0.0560000 0.2136488
69.7142857 0.0577143 0.2137069
69.7142857 0.0594286 0.2137653
69.7142857 0.0611429 0.2138239
69.7142857 0.0628571 0.2138828
69.7142857 0.0645714 0.2139419
69.7142857 0.0662857 0.2140012
69.7142857 0.0680000 0.2140608
69.7142857 0.0697143 0.2141207
69.7142857 0.0714286 0.2141808
69.7142857 0.0731429 0.2142412
69.7142857 0.0748571 0.2143018
69.7142857 0.0765714 0.2143626
69.7142857 0.0782857 0.2144237
69.7142857 0.0800000 0.2144850
71.4285714 0.0200000 0.2130869
71.4285714 0.0217143 0.2131419
71.4285714 0.0234286 0.2131972
71.4285714 0.0251429 0.2132527
71.4285714 0.0268571 0.2133086
71.4285714 0.0285714 0.2133647
71.4285714 0.0302857 0.2134210
71.4285714 0.0320000 0.2134777
71.4285714 0.0337143 0.2135346
71.4285714 0.0354286 0.2135917
71.4285714 0.0371429 0.2136492
71.4285714 0.0388571 0.2137069
71.4285714 0.0405714 0.2137648
71.4285714 0.0422857 0.2138230
71.4285714 0.0440000 0.2138815
71.4285714 0.0457143 0.2139403
71.4285714 0.0474286 0.2139992
71.4285714 0.0491429 0.2140585
71.4285714 0.0508571 0.2141180
71.4285714 0.0525714 0.2141778
71.4285714 0.0542857 0.2142378
71.4285714 0.0560000 0.2142981
71.4285714 0.0577143 0.2143586
71.4285714 0.0594286 0.2144194
71.4285714 0.0611429 0.2144804
71.4285714 0.0628571 0.2145416
71.4285714 0.0645714 0.2146032
71.4285714 0.0662857 0.2146649
71.4285714 0.0680000 0.2147269
71.4285714 0.0697143 0.2147892
71.4285714 0.0714286 0.2148517
71.4285714 0.0731429 0.2149144
71.4285714 0.0748571 0.2149774
71.4285714 0.0765714 0.2150407
71.4285714 0.0782857 0.2151041
71.4285714 0.0800000 0.2151678
73.1428571 0.0200000 0.2136977
73.1428571 0.0217143 0.2137552
73.1428571 0.0234286 0.2138130
73.1428571 0.0251429 0.2138710
73.1428571 0.0268571 0.2139293
73.1428571 0.0285714 0.2139879
73.1428571 0.0302857 0.2140467
73.1428571 0.0320000 0.2141058
73.1428571 0.0337143 0.2141652
73.1428571 0.0354286 0.2142248
73.1428571 0.0371429 0.2142847
73.1428571 0.0388571 0.2143448
73.1428571 0.0405714 0.2144052
73.1428571 0.0422857 0.2144659
73.1428571 0.0440000 0.2145268
73.1428571 0.0457143 0.2145880
73.1428571 0.0474286 0.2146494
73.1428571 0.0491429 0.2147111
73.1428571 0.0508571 0.2147730
73.1428571 0.0525714 0.2148352
73.1428571 0.0542857 0.2148976
73.1428571 0.0560000 0.2149603
73.1428571 0.0577143 0.2150232
73.1428571 0.0594286 0.2150864
73.1428571 0.0611429 0.2151498
73.1428571 0.0628571 0.2152135
73.1428571 0.0645714 0.2152774
73.1428571 0.0662857 0.2153416
73.1428571 0.0680000 0.2154060
73.1428571 0.0697143 0.2154706
73.1428571 0.0714286 0.2155355
73.1428571 0.0731429 0.2156006
73.1428571 0.0748571 0.2156660
73.1428571 0.0765714 0.2157316
73.1428571 0.0782857 0.2157974
73.1428571 0.0800000 0.2158635
74.8571429 0.0200000 0.2143213
74.8571429 0.0217143 0.2143812
74.8571429 0.0234286 0.2144415
74.8571429 0.0251429 0.2145019
74.8571429 0.0268571 0.2145627
74.8571429 0.0285714 0.2146237
74.8571429 0.0302857 0.2146850
74.8571429 0.0320000 0.2147465
74.8571429 0.0337143 0.2148084
74.8571429 0.0354286 0.2148704
74.8571429 0.0371429 0.2149327
74.8571429 0.0388571 0.2149953
74.8571429 0.0405714 0.2150581
74.8571429 0.0422857 0.2151212
74.8571429 0.0440000 0.2151846
74.8571429 0.0457143 0.2152482
74.8571429 0.0474286 0.2153120
74.8571429 0.0491429 0.2153761
74.8571429 0.0508571 0.2154404
74.8571429 0.0525714 0.2155050
74.8571429 0.0542857 0.2155699
74.8571429 0.0560000 0.2156350
74.8571429 0.0577143 0.2157003
74.8571429 0.0594286 0.2157659
74.8571429 0.0611429 0.2158317
74.8571429 0.0628571 0.2158977
74.8571429 0.0645714 0.2159640
74.8571429 0.0662857 0.2160306
74.8571429 0.0680000 0.2160973
74.8571429 0.0697143 0.2161643
74.8571429 0.0714286 0.2162316
74.8571429 0.0731429 0.2162991
74.8571429 0.0748571 0.2163668
74.8571429 0.0765714 0.2164347
74.8571429 0.0782857 0.2165029
74.8571429 0.0800000 0.2165713
76.5714286 0.0200000 0.2149569
76.5714286 0.0217143 0.2150193
76.5714286 0.0234286 0.2150820
76.5714286 0.0251429 0.2151450
76.5714286 0.0268571 0.2152082
76.5714286 0.0285714 0.2152716
76.5714286 0.0302857 0.2153354
76.5714286 0.0320000 0.2153993
76.5714286 0.0337143 0.2154636
76.5714286 0.0354286 0.2155281
76.5714286 0.0371429 0.2155928
76.5714286 0.0388571 0.2156578
76.5714286 0.0405714 0.2157231
76.5714286 0.0422857 0.2157886
76.5714286 0.0440000 0.2158543
76.5714286 0.0457143 0.2159203
76.5714286 0.0474286 0.2159866
76.5714286 0.0491429 0.2160531
76.5714286 0.0508571 0.2161198
76.5714286 0.0525714 0.2161868
76.5714286 0.0542857 0.2162540
76.5714286 0.0560000 0.2163215
76.5714286 0.0577143 0.2163892
76.5714286 0.0594286 0.2164572
76.5714286 0.0611429 0.2165253
76.5714286 0.0628571 0.2165938
76.5714286 0.0645714 0.2166624
76.5714286 0.0662857 0.2167313
76.5714286 0.0680000 0.2168004
76.5714286 0.0697143 0.2168698
76.5714286 0.0714286 0.2169394
76.5714286 0.0731429 0.2170092
76.5714286 0.0748571 0.2170793
76.5714286 0.0765714 0.2171495
76.5714286 0.0782857 0.2172201
76.5714286 0.0800000 0.2172908
78.2857143 0.0200000 0.2156042
78.2857143 0.0217143 0.2156690
78.2857143 0.0234286 0.2157342
78.2857143 0.0251429 0.2157995
78.2857143 0.0268571 0.2158652
78.2857143 0.0285714 0.2159311
78.2857143 0.0302857 0.2159972
78.2857143 0.0320000 0.2160636
78.2857143 0.0337143 0.2161303
78.2857143 0.0354286 0.2161972
78.2857143 0.0371429 0.2162644
78.2857143 0.0388571 0.2163318
78.2857143 0.0405714 0.2163995
78.2857143 0.0422857 0.2164674
78.2857143 0.0440000 0.2165355
78.2857143 0.0457143 0.2166039
78.2857143 0.0474286 0.2166725
78.2857143 0.0491429 0.2167414
78.2857143 0.0508571 0.2168105
78.2857143 0.0525714 0.2168799
78.2857143 0.0542857 0.2169495
78.2857143 0.0560000 0.2170193
78.2857143 0.0577143 0.2170894
78.2857143 0.0594286 0.2171597
78.2857143 0.0611429 0.2172302
78.2857143 0.0628571 0.2173010
78.2857143 0.0645714 0.2173720
78.2857143 0.0662857 0.2174432
78.2857143 0.0680000 0.2175147
78.2857143 0.0697143 0.2175864
78.2857143 0.0714286 0.2176583
78.2857143 0.0731429 0.2177304
78.2857143 0.0748571 0.2178028
78.2857143 0.0765714 0.2178754
78.2857143 0.0782857 0.2179482
78.2857143 0.0800000 0.2180212
80.0000000 0.0200000 0.2162625
80.0000000 0.0217143 0.2163298
80.0000000 0.0234286 0.2163973
80.0000000 0.0251429 0.2164652
80.0000000 0.0268571 0.2165332
80.0000000 0.0285714 0.2166015
80.0000000 0.0302857 0.2166701
80.0000000 0.0320000 0.2167389
80.0000000 0.0337143 0.2168080
80.0000000 0.0354286 0.2168773
80.0000000 0.0371429 0.2169469
80.0000000 0.0388571 0.2170167
80.0000000 0.0405714 0.2170867
80.0000000 0.0422857 0.2171570
80.0000000 0.0440000 0.2172275
80.0000000 0.0457143 0.2172983
80.0000000 0.0474286 0.2173693
80.0000000 0.0491429 0.2174405
80.0000000 0.0508571 0.2175120
80.0000000 0.0525714 0.2175837
80.0000000 0.0542857 0.2176557
80.0000000 0.0560000 0.2177279
80.0000000 0.0577143 0.2178003
80.0000000 0.0594286 0.2178729
80.0000000 0.0611429 0.2179458
80.0000000 0.0628571 0.2180189
80.0000000 0.0645714 0.2180922
80.0000000 0.0662857 0.2181657
80.0000000 0.0680000 0.2182395
80.0000000 0.0697143 0.2183135
80.0000000 0.0714286 0.2183877
80.0000000 0.0731429 0.2184621
80.0000000 0.0748571 0.2185368
80.0000000 0.0765714 0.2186117
80.0000000 0.0782857 0.2186868
80.0000000 0.0800000 0.2187621
