0.601397390618
0.621597490703
0.358949363479
0.531906150676
0.440477554191
0.532863843688
0.867314416842
0.869403975971
0.763542785936
0.785404309032
0.539944574127
0.551861968449
0.466000948107
0.465818685639
0.467989216266
0.313972342919
0.420183626973
0.887473106418
0.422475273279
0.529931285786
0.637662878755
0.647315546433
0.337916493419
0.515654836625
0.613610603191
0.58659257605
0.771863402794
0.774030530151
0.615525967144
0.456311176362
0.515136761947
0.645116370795
0.38846128208
0.406493992823
0.423020288295
0.75003335174
0.771355581779
0.660605751453
0.856337311069
0.637248356907
0.538172828662
0.645381501386
0.463384523432
0.391538458517
0.599894866352
0.642383413991
0.614935790569
0.588293122258
0.39361236969
0.581673691881
0.431918322909
0.532764538523
0.510303637052
0.428858348485
0.488592431473
0.667078827529
0.698756345754
0.351356696504
0.383995092815
0.719397934783
0.7320999701
0.685319690187
0.693942328284
0.535046030234
0.692857775613
0.296198578144
0.626680858713
0.63708876168
0.462388516442
0.475357064179
0.792624570116
0.797780163754
0.347077281235
0.573872127119
0.418156879633
0.539877576659
0.733526611787
0.744118149528
0.559727680074
0.358412684072
0.493495906355
0.69866902739
0.681117554148
0.477997313538
0.503265249925
0.475426148486
0.566420059523
0.601075950311
0.668771924904
0.523105504916
0.516367548278
0.535042960656
0.751832820267
0.753446640721
0.522732385244
0.543457368865
0.452294302742
0.519425947229
0.464627528925
0.752859816971
0.238806191034
0.593257105925
0.542361182631
0.644964656057
0.601435256425
0.505417287457
0.550982651744
0.421414665632
0.48488342138
0.619597112974
0.364264420628
0.593465482382
0.467934098517
0.653710279491
0.661339122806
0.580486429635
0.747534445858
0.6782121965
0.68468763127
0.509084761463
0.547300509058
0.534243878718
0.519334386757
0.469645811627
0.516441846435
0.5272080778
0.457021792079
0.578515198361
0.596826304484
0.436746950316
0.453967871127
0.64674746068
0.652016051327
0.625434170764
0.638633180442
0.668984734001
0.302816424851
0.594308809815
0.916558145386
0.529507020632
0.541388469472
0.446215161562
0.760730313288
0.46070273897
0.560464735482
0.635161726141
0.761661030116
0.433466941826
0.4529311108
0.529045272356
0.734161585029
0.747966760621
0.559614382224
0.577796466923
0.593818546175
0.392089221243
0.398481379936
0.662134496891
0.683134664114
0.488493052309
0.517873542679
0.661015966947
0.329612691647
0.641618042235
0.425702344254
0.547874132077
0.566879641874
0.692089502699
0.636431486835
0.749267687815
0.479969615616
0.527168395749
0.537468975707
0.4493640043
0.530836750229
0.455695809312
0.560854077525
0.675007414998
0.709338040312
0.765466198863
0.520670986449
0.725268843713
0.3563047456
0.329075920759
0.65845858819
0.59711744235
0.571677521094
0.526966885415
0.546517170381
0.438769574827
0.558263025933
0.577835214697
0.562077316695
0.632780774787
0.647571039301
0.705356862887
0.707831839243
0.654623466261
0.721724668021
0.594668582255
0.654132039203
0.586815736146
0.569326265018
0.667913863776
0.688793314677
0.58485143763
0.600956819242
0.55156464208
0.58124710766
0.379133966731
0.707310251227
0.734608685116
0.464806803616
0.447247706576
0.482831606311
0.615638022577
0.32952506597
0.529490348508
0.695201890453
0.716368923833
0.478026184484
0.625289595174
0.328850284496
0.538795821533
0.581882624124
0.473240447416
0.536010076367
0.593331269279
0.587738677167
0.653255852614
0.679580487456
0.456687567664
0.526762784143
0.574536112824
0.591657591535
0.450838290157
0.492309339941
0.467753861757
0.470407369327
0.472843998486
0.491752726362
0.418075809243
0.506520113341
0.699370497245
0.707460745559
0.273984792736
0.538699537061
0.61846421869
0.538308617567
0.548118510019
0.451405731304
0.47149285604
0.509001855776
0.610645837103
0.622165168911
0.36225420402
0.649220297832
0.50571242648
0.594408944416
0.81131885553
0.563539399373
0.418498172712
0.474300182435
0.487316529302
0.663284726089
0.514715387318
0.500292533308
0.474251201341
0.515113164945
0.511994401965
0.669828972762
0.32442660504
0.658245171389
0.503985733722
0.429257218837
0.504856569998
0.748075772961
0.699372983015
0.459415943661
0.81569182337
0.691122382344
0.543752444237
0.600480576749
0.610672766539
0.787551208573
0.787285696375
0.789159957151
0.803831193221
0.547843320665
0.563712936471
0.661840700787
0.701808554544
0.727427574155
0.725012803129
0.729614508598
0.273131244013
0.360277406264
0.634242325878
0.642804046375
0.451975619099
0.571152860875
0.636212542435
0.321027292399
0.650008853472
0.46394092564
0.617327451034
0.572092106708
0.603188743087
0.647236098943
0.392913387461
0.76775274844
0.777742978601
0.627210623777
0.58067646407
0.474623885864
0.62302553417
0.338798748362
0.636943722109
0.441565646921
0.558362199163
0.59983986643
0.588227418567
0.65131564085
0.368302627698
0.82949504167
0.550792991749
0.472454089808
0.488882437828
0.731304851847
0.710256314295
0.571331682959
0.582338580521
0.524288178418
0.622771249676
0.666974437192
0.670533870831
0.383463919112
0.664209468981
0.67579988871
0.680040928109
0.868099621744
0.745028644728
0.749052274869
0.302117765152
0.583926929305
0.604332377316
0
0.779495601164
0.760035861266
0.773877257928
0.371508455449
0.396423274345
0.57269252582
0.581722299115
0.580356976971
0.405047397831
0.547451766099
0.493675553853
0.558167126517
0.397253608323
0.650706588309
0.728690574795
0.701919227548
0.607743589063
0.312057216684
0.526152836584
0.658551479777
0.668824455584
0.679166943065
1
0.503618046371
0.337007397539
0.347985454152
0.605154923737
0.313653398013
0.628175380665
0.393261039822
0.524866098621
0
0.253130309711
0.451423913733
0.412481784535
0.56390875356
0.366019405247
0.616221034255
0.268318175751
0.581769271709
0.304945959174
0.672521010754
0.428010139791
0.510681065568
0.381391194196
0.738302629142
0.622866435207
0.630907107595
0.69425907397
0.756636900697
0.392666790165
0.501996765708
0.498415587257
0.375721074121
0.600098468414
0.594131011958
0.420519298047
0.436625708927
0.52210147665
0.594455070892
0.340717771707
0.492824393565
0.412557517859
0.512958277215
0.602039038655
0.324287165443
0.523780608098
0.653562266149
0.313943273923
0.475190770542
0.65904794785
0.33357683694
0.64920458649
0.768269257591
0.77071444852
0.737520874134
0.79504962169
0.667056213928
0.745734878212
0.319219616664
0.579679655696
0.666041607856
0.559996370387
0.393305927508
0.521832220446
0.688096020497
0.514634424391
0.399839524055
0.463218795016
0.304614547045
0.463555518051
0.72900691445
0.757772620987
0.475064098405
0.487542186639
0.349626892955
0.370262687219
0.347117200732
0.438896457725
0.412633625221
0.602344566221
0.352546216489
0.5300699034
0.616686798642
0.334431993841
0.512145693991
0.362624366839
0.583698505364
0.610347264579
0.432569108619
0.46443715457
0.478112849742
0.484119246576
0.554122738667
0.628289150429
0.532509316284
0.379107912682
0.498049873743
0.411219589324
0.529355467164
0.486870749276
0.499663015246
0.511927682472
0.437757970627
0.541901978254
0.631096064657
0.674984649632
0.302036399601
0.507356103411
0.480267369223
0.241187799234
0.331134117682
0.572041661416
0.606119833798
0.645009036647
0.553942546636
0.433008505666
0.688225733802
0.705256441634
0.667720602297
0.715065889193
0.572332866526
0.589611777979
0.543368471343
0.558293713744
0.755663854119
0.761381011884
0.565174911907
0.391226716626
0.474325740189
0.591110272284
0.677700202528
0.276199357686
0.456977985064
0.308702586756
0.350562907876
0.683845210659
0.689075968074
0.304395973457
0.731568020755
0.740964633191
0.503793830121
0.629047421679
0.682146744352
0.588639370635
0.648340768268
0.601960917826
0.657719769147
0.566310864848
0.579472002657
0.640460510119
0.679488825825
0.600611400318
0.418597442799
0.452088641347
0.46581953615
0.449744592141
0.5409013771
0.638555360546
0.35184136432
0.366074158852
0.498708262458
0.43110363141
0.502222020852
0.615116966987
0.671118131348
0.809099902877
0.8042330227
0.602656496037
0.387256331371
0.312157002139
0.418427534243
0.549895750223
0.594767322621
0.648985188339
0.383453372304
0.6000015818
0.612932165183
0.68512745405
0.725153031781
0.54532600403
0.680992738431
0.673262086484
0.574525538546
0.594353822881
0.534576881649
0.547875315276
0.609600655328
0.68044339407
0.344238048117
0.428868048854
0.457586284145
0.514011298227
0.578205656318
0.709254550829
0.756423259367
0.222822673079
0.565577749311
0.367239168552
0.476048703415
0.458941853544
0.479365710964
0.570682377508
0.69559604676
0.426652177472
0.563152830778
0.613719292042
0.798182788382
0.466205768771
0.3045275572
0.650801565994
0.501478579662
0.417580703567
0.406348738705
0.578006712029
0.518626214278
0.379050058919
0.428836581214
0.618613889004
0.4550047008
0.469033764346
0.501014128266
0.496084696279
0.591117778387
0.566750859868
0.649716798212
0.491468098522
0.556610980181
0.762712058536
0.296015875881
0.686812234561
0.557664889509
0.366829411633
0.805324427497
0.836631029513
0.448770028573
0.707569463721
0.73027589264
0.580540011964
0.290007539669
0.450992994128
0.604048351541
0.569902715093
0.715454255038
0.52360160204
0.647125719251
0.390404151762
0.69996719595
0.575341253299
0.691253830675
0.510490058278
0.640881859145
0.735208713551
0.540784050655
0.634437128164
0.76803393524
0.426362652015
0.585104589162
0.715226075773
0.280681283427
0.744737174263
0.484913106076
0.587022635616
0.668607074656
0.300279341832
0.456981990443
0.526997933956
0.869141720505
0.878355885948
0.549990687045
0.614658635575
0.65242820111
0.5208181228
0.70732315924
0.492275119257
0.283127125818
0.624874491131
0.708049774126
0.671944513712
0.708652860976
0.274946404426
0.574499403306
0.615729853722
0.315433556373
0.650010259606
0.338264367314
0.80092614948
0.795968483038
0.405900985356
0.466169568596
0.477311676148
0.530958251388
0.662162453097
0.695411006714
0.395223297896
0.647894219804
0.323703974351
0.633096891107
0.659231737661
0.680846481705
0.346752172865
0.549399186622
0.394544570179
0.734121513115
0.262386800594
0.682595664931
0.586255092059
0.651718081983
0.635700711131
0.336454929865
0.482485656809
0.411166591178
0.638847444128
0.644119977978
0.649505338817
0.746033733362
0.236216620268
0.599588862221
0.569692736463
0.659860906031
0.517163816185
0.614706965643
0.312227995822
0.692262057002
0.276340174628
0.653209011752
0.68946139612
0.748445814771
0.228463539866
0
0.749932662891
0.498453651193
0.501163142095
0.600781766599
0.6112443978
0.634837233949
0.388699739838
0.5284888018
0.455945206365
0.515612025842
0.388090155919
0.541344110084
0.483999394738
0.572757785073
1
0.249579597819
0.730552101129
0.548990728598
0.459753657764
0.481263790475
0.442676119583
0.78980284636
0.797989277703
0.385303732705
0.477398661322
0.463618568565
0.426927561865
0.457824866452
0.670536794059
0.680008484089
0.428147703028
0.509927846299
0.47765668345
0.590346453646
0.397661609843
0.459264301408
0.620228002426
0.538413749037
0.359536573528
0.530669608553
0.457500608337
0.526601904555
0.829352640565
0.823839944473
0.417637786874
0.51401040986
0.566158431516
0.395702834717
0.58288925928
0.623205072432
0.65872598585
0.669613077101
0.722410329178
0.645351274188
0.711287083958
0.319718904498
0.379298844575
0.548650562916
0.442552801256
0.543750810296
0.776539176626
0.501919188355
0.434652459073
0.294655076443
0.798900633182
0.47325452908
0.723435883532
0.464591577224
0.753975064182
0.635803764367
0.448138036521
0.500328385071
0.370906396535
0.554563455316
0.602395187734
0.600451217664
0.403536780509
0.469008456039
0.458682845729
0.482141573988
0.806017856311
0.810427161341
0.550574508274
0.564484651185
0.577733484234
0.369541959806
0.287038135533
0.386051689608
0.502427842955
0.61271058205
0.36386737399
0.53852763442
0.486738255359
0.487285630509
0.567505954109
0.639403484262
0.623684963036
0.37217083313
0.585399716365
0.624785661161
0.843115733648
0.838789623265
0.170717343
1
0.383484825066
0.47703436661
0.602674729965
0.388330378722
0.560105217803
0.653631094722
0.495693785665
0.744216203789
0.584940426091
0.846698639582
0.854750689271
0.604914002064
0.750131699234
0.534999288742
0.75955779337
0.761335992519
0.347995617147
0.593340306841
0.689454656283
0.278230824293
0.542313391734
0.55738650595
0.769837968775
0.772066341303
0.581368876612
0.593110216662
0.395717625089
0.399683756933
0.416894908434
0.511436445204
0.611063023581
0.626262071385
0.760177096604
0.780013040178
0.632965789482
0.66440838207
0.682907604932
0.709500281574
0.673173907441
0.678439238826
0.449739818673
0.463556213542
0.4013721476
0.418537421017
0.566186741301
0.551573209252
0.603600442159
0.610335259754
0.57974228991
0.606941438459
0.469918266977
0.592502388124
0.42261584947
0.454543468585
0.910781539056
0.908733063216
0.695220780786
0.569012705722
0.721567752319
0.727186107932
0.328950874857
0.653772365903
0.388325329267
0.621545113208
0.75904069398
0.325348932985
0.771713222797
0.761419299403
0.333716138763
0.690717936669
0.595776123303
0.604161005461
0.722737084915
0.290749563427
0.688606584016
0.493131496795
0
0.812664469967
0.552936052805
0.62418847783
0.630115552976
0.635776940444
0.358464731274
0.480211849951
0.520911056165
0.444420592278
0.588959415317
0.7357065356
0.747520105379
1
0.463325924028
0.484820598735
0.518942624069
0.614151155289
0.342398276682
0.653760321188
0.67740050841
0.29386327744
0.552003230411
0.599343942836
0.468137514454
0.576051637203
0.628889603517
0.564864357098
0
0.749932662891
0.396572100538
0.479049336377
0.413401610409
0.440890351318
0.565669376395
0.415625312237
0.685202067922
0.821456537771
0.65805017102
0.56908409281
0.352526444119
0.508490188961
0.609464888159
0.569069923076
0.19179018556
0.399934474941
0.545263385093
0.769481811686
0.382249897443
0.655142127061
0
0.760591781211
0.547297956944
0.630259147379
0.298122993685
0
0.749932662891
0.705964086241
0.755088042986
0.406724540519
0.545664716098
0.290169900486
0.464300494466
0.477543541206
0.59319887892
0.510476820297
0.244688208285
0.517758812848
0.594225787737
0.489798586362
0.538242426692
0.376745729093
0.557368746105
0.492380586339
0.446381579383
0.431260680312
0.454857349142
0.545289585488
0.611262134985
0.715416830453
0.553618420617
0.487299274121
0.351839942153
0.629390862466
0.561767407391
0.425552822441
0.416290664951
0.462149368322
0.52539467299
0.534645915385
0.620117872671
0.632178772021
0.594817632653
0.606231043996
0.513547975779
0.647317784761
0.664180075398
0.569949241292
0.547157739585
0.356911850557
0.189761207116
0.441139993251
0.466788984017
0.466981197439
0.423399636065
0.554031187012
0.572606236443
0.695554765898
0.731452608843
0.483077808499
0.381575118754
0.625675744391
0.674076544678
0.456980098574
0.556206267338
0.519246897568
0.531580133263
0.652314872723
0.655415649376
0.560684853378
0.368320483051
0.531108157799
0.285723632414
0.650899090391
0.499451467979
0.503032481847
0.563524447107
0.33775298051
0.44686044223
0.713763169969
0.488966813851
0.669159390313
0.585372491061
0.600729852338
0.636966222873
0.578254210013
0.440769332334
0.434446014407
0.55354488429
0.78050450016
0.78192894113
0.431131968343
0.564677506325
0.520597735117
0.656172965193
0.409292291892
0.532549625245
0.464804553064
0.37188621993
0.484642863341
0.481150451297
0.566300193122
0.367646643463
0.526616629881
0.685467552582
0.71757963398
0.61417319596
0.624987470281
0.29784941757
0.640516836405
0.616338079325
0.670963004862
0.717244182163
0.773130320677
0.566477526836
0.639161781901
0.304658570296
0.453059438133
0.53538732886
0.405668885357
0.61933874705
0.669978822242
0.25250086146
0.396497212417
0.711197347163
0.547697797814
0.443918887689
0.633779100425
0.347693139427
0.600289276528
0.601127210926
0.834415460637
0.461262343466
0.462853095441
0.511828531083
0.634056802387
0.410081772659
0.460521985207
0.619182316351
0.487751262016
0.43845466195
0.474134269083
0.408434948556
0.570799293439
0.393822492505
0.597841703123
0.566396643626
0.501272665531
0.608454374297
0.665764228065
0.554206605496
0.823047914857
0.797879334614
0.505031630689
0.506392913427
0.532641573069
0.646932215657
0.296000345583
0.49789693819
0.365424063801
0.417158478737
0.459205289072
0.323370037259
0.652412570704
0.684019664538
0.449632015546
0.469298323466
0.452201859084
0.530624195064
0.648581148467
0.49608260324
0.520542316212
0.424619732217
0.49135929233
0.563867233903
0.561270664038
0.44956545619
0.737691152488
0.46287639918
0.811094050496
0.808312511908
0.517883821417
0.805655929162
0.631088909235
0.595884746177
0.520284240345
0.320736326166
0.493063375165
0.523787386486
0.745412457374
0.429164671925
0.391521266607
0.553176063536
0.609475106621
0.817757411619
0.816589927999
0.38811468082
0.520960689483
0.8740740297
0.86850311264
0.431732911074
0.804354478581
0.66359630783
0.559075082747
0.615851139193
0.591248511405
0.627579048564
0.449764967252
0.565037238752
0.47641763198
0.491964506199
0.521446104663
0.778094069348
0.787008701902
0.706530890289
0.713358699489
0.686643039926
0.659955850529
0.676188824095
0.699330398054
0.299091242098
0.329817123383
0.643525246913
0.274696709116
0.457597376672
0.352722633418
0.522043501529
0.551325432777
0.587746365909
0.429869664937
0.543790752696
0.307389884055
0.572819643784
0.625577774492
0.542703042848
0.446472252186
0.539971049178
0.470356521812
0
0.225864297311
0.597558762415
0.548496252929
0.651487657734
0.442050062327
0.525377007991
0.763972708107
0.775733982089
0.190774912228
0.372713395545
0.490306742568
0.479672183913
0.583609173984
0.237504618038
0.438192099312
0.350480271751
0.543659359252
0.252879207083
0.428096853833
0.542977312047
0.381672923833
0.687558589253
0.424871891454
0.540762319512
0.757198437767
0.737635688985
0.689580017755
0.647993938258
0.520660491724
0.558799341184
0.524185902917
0.537246647298
0.605213833901
0.329198037634
0.534658697183
0.513931219063
0.620662313828
0.412984628232
0.552528379296
0.740565948867
0.636803203083
0.653190269052
0.704336517218
0.707309253357
0.726169782884
0.739480865326
0.633278020455
0.713674989021
0.657927632105
0.684108109671
0.70771015281
0.262302634261
0.774310180447
0.784384739803
0.580098508156
0.629567036253
0.712557192111
0.262505745875
0.573940962981
0.563855517561
0.359275483854
0.506398488559
0.638548678757
0.702652411655
0.442882176329
0.336304671722
0.444364262741
0.458019403565
0.46836609869
0.285777014298
0.801988280086
0.196052866379
0.720770511267
0.568475049634
0.517343388137
0.656642240086
0.37935328528
0.825130313862
0.82228061543
0.666642361266
0.457799279392
0.576327412939
0.806313113767
0.68756345276
0.390354938327
0.429014950648
0.529929563732
0.383169982457
0.511761320803
0.738591148048
0.759992365453
0.471317798284
0.384427048727
0.499851293375
0.42455198593
0.373750145331
0.504405373336
0.402368397312
0.581872422175
0
0.506791196511
0.455635193965
0.510230676183
0.526516339987
0.550188828395
0.432658986582
0.636154060368
0.668970112966
0.894049999418
0.393807909855
0.722530300632
0.633254241274
0.554114348683
0.660963233321
0.702317373861
0.437931844672
0.632237602518
0.509902054361
0.566883105096
0.371697586065
0.657332447033
0.271577957103
0.552441699136
0.62693266772
0.621348689817
0.411030885291
0.53909865456
0.820334610265
0.501664616405
0.809649958804
0.81660477113
0.503513477179
0.426759909169
0.41832547981
0.440696830555
0.284724458006
0.423933730931
0.597351810468
0.476910047942
0.505179214342
0.480551487406
0.46430608459
0.467654874849
0.595376095627
0.5817175614
0.660827602394
0.667789765836
0.627009958712
0.633541302913
0.722269160739
0.741556118265
0.629451443681
0.360493267214
0.377267199827
0.505651901037
0.422851549563
0.469777520007
0.696430758761
0.715289906506
0.256035079661
0.58712189133
0.666844494657
0.425164017111
0.518790644553
0.559410339224
0.576521343824
0.507812234446
0.563978648028
0.322187608244
0.529124088016
0.621883671891
0.369515959068
0.613036364546
0.443360577183
0.624669797144
0.286059518345
0.4776336367
0.887328787896
0.881514321921
0.516623301876
0.534695977228
0.453149940949
0.327126870134
0.434002382628
0.566785130929
0.435926027587
0.609177218535
0.654797208525
0.416905874105
0.43416425218
0.478359084671
0.554984189219
0.638049289217
0.643705723543
0.637674371524
0.724285438234
0.322240662003
0.565306166372
0.579414293997
0.590618539826
0.413006154338
0.693419571092
0.269780000716
0.613718186555
0.65352048778
0.446036338412
0.463590134743
0.572305956021
0.647500353593
0.321657664673
0.570987191079
0.583922943639
0.767482609855
0.779374104173
0.538052460114
0.525530629107
0.431234394497
0.474093403008
0.449651961307
0.330444523169
0.420419076403
0.308782407621
0.433399959769
0.481789134261
0.335243308972
0.417351511087
0.774261168568
0.190414678646
0.274658556358
0.593543262791
0.679196726585
0.706855952033
0.680776630253
0.68530008479
0.48681046518
0.582144611069
0.779651287554
0.604836962668
0.400077863507
0.629308653354
0.44161954511
0.559661437583
0.540147030905
0.188422321621
0.406927268848
0.293575601941
0.295368290273
0.701871769572
0.55174720073
0.37643805672
0.576339079311
0.589612279942
0.604528356113
0.690869428206
0.734478862673
0.25455179838
0.577535651744
0.558253263997
0.678678323935
0.530552107452
0.502599946499
0.816692055542
0.818798444899
0.339715207037
0.603218299785
0.354775754096
0.539719117801
0.376120325857
0.544148899775
0.407899463792
0.547411642434
0.439894387645
0.543299071495
0.674295683662
0.808041319127
0.805581327577
0.574614860937
0.766097875963
0.227112903693
0.728978496575
0.360626158686
0.537571066832
0.740949055774
0.787117529038
0.567183871702
0.626203099903
0.637410927088
0.728248686629
0.763782276624
0.722246176421
0.624579925238
0.632434010183
0.794256317087
0.463536733374
0.203583434205
0.467725228625
0.579192807979
0.429076665135
0.398910591586
0.467624280777
0.310013182496
0.500207803383
0.564557482278
0.598823138782
0.405105320916
0.57961066472
0.372719527322
0.478169000373
0.48991906212
0.822749110019
0.357521992039
0.531225883511
0.250859650138
0.699951968129
0.483357570176
0.502800412438
0.418505710687
0.5848404666
0.598157024977
0.382128376714
0.430174874128
0.415543941309
0.485562945935
0.473195639176
0.55126599928
0.59485143625
0.416527093155
0.342655816105
0.527985935256
0.480023830841
0.488281673582
0.508815573522
0.43375806065
0.69735877952
0.359091565054
0.465415916895
0.389290006497
0.636375188584
0.696744170677
0.670016207907
0.697157799381
0.605666837698
0.505029182625
0.562886430276
0.37176105539
0.520208658562
0.516392471178
0.512333533655
0.37438580017
0.414089150471
0.450923526951
0.351963281321
0.37128928946
0.405852606393
0.422397235566
0.441459631515
0.455571369268
0.639463797607
0.634134837806
0.741071954609
0
0.746869690289
0.321495399781
0.516484150668
0.636948640983
0.566176550026
0.66611773858
0.733854741279
1
0.493900148613
0.443136581372
0.570557172698
0.355041119353
0.55178607794
0.664316727522
0.280980187221
0.59430645945
0.670884327862
0.446131324037
0.539518038277
0.447408418895
0.50044143682
0.515236877656
0.441905557057
0.555378215088
0.708792641565
0.60413456075
0.395808973951
0.56721984631
0.419473402183
0.366376927325
0.520950121837
0.485963653377
0.32114085274
0.485727658324
0.597907001297
0.60538665015
0.607319338292
0.697909283397
0.293768853604
0.401906177599
0.48975566094
0.49402970133
0.493034367088
0.492459152798
0.371801766469
0.553769644112
0.371935622543
0.549080232578
0.412431593763
0.50937706796
0.50627945757
0.650525832077
0.660242746489
0.667029771222
0.525336102978
0.606341115395
0.347259386811
0.606624815468
0.643394798788
0.696044954344
0.759652599914
0.761085294051
0.499943240237
0.513103345759
0.504700609411
0.56050541111
0.398001022061
0.460865573978
0.467297535255
0.357203415804
0.408610545751
0.554588079486
0.552359240539
0.465429747624
0.609909443133
0.628725095083
0.457121202076
0.483263559011
0.459390898254
0.447628772217
0.514250581403
0.662504325117
0.596870198285
0.657474225557
0.545472116338
0.269976916687
0.562928651037
0.614405468064
0.338872876907
0.765784290226
0.507771353445
0.581259599273
0.634261180794
0.325624261727
0.639234996424
0.736342415989
0.655078546231
0.503078798412
0.420275045896
0.443154529551
0.713883873459
0.494969451
0.486612808824
0.561622576682
0.442914315272
0.456597908531
0.669456597658
0.706580435978
0.731953219787
0.641728043145
0.28676448778
0.682137671288
0.702296556551
0.274166084831
0.761828009892
0.646351069004
0.681902245463
0.647498254411
0.33977207774
0.674070613172
0.738608131787
0.686037592015
0.521490299194
0.438318888443
0.460287835015
0.718213584544
0.522589230469
0.620882436352
0.667030395631
0.475274517928
0.48774431199
0.563575810773
0.633435487313
0.452823069493
0.471896180708
0.461475592242
0.39971345021
0.532944792018
0.549360636923
0.452659019317
0.533630960055
0.363549764733
0.705387565624
0.566016880725
0.609440164946
0.411618902863
0.429619957711
0.593647326724
0.671208133057
0.542961491614
0.603765191429
0.373604259751
0.498670503809
0.51419299671
0.362241752717
0.319665159061
0.499748582357
0.403374785241
0.746740511198
0.749776048331
0.602602852481
0.347564457769
0.466031758069
0.489415107596
0.48565474367
0.659680759451
0.70675854821
0.723134857474
0.59642414551
0
0.760591781211
0.799388621796
0.719256036262
0.482363620145
0.563097328195
0.710992755192
0.458894575633
0.504662123417
0.516310001887
0.714221875379
0.276876199775
0.697604931409
0.586205889565
0.665833291554
0.548952469673
0.631305594663
0.301857962377
0.628864550829
0.614141920577
0.633274763315
0.618449067352
0.789047605907
0.789547626403
0.455975442421
0.469968674447
0.516974528676
0.493964520647
0.441606653793
0.461809995347
0.526276449403
0.568176555044
0.628743243426
0.663480737865
0.559987843335
0.703489639568
0.731853308206
0.249807792214
0.400777929407
0.622044905302
0.682597912393
0.66816012405
0.707589036656
0.485288046053
0.631339245616
0.408054820682
0.673719906597
0.78519439357
0.651975479106
0.695067019061
0.647896084435
0.502919858055
0.658444261387
0.315297505798
0.591802095553
0.411383314062
0.639861235929
0.492151129403
0.575925502163
0.568248823864
0.589327103124
0.556051037916
0.433273288939
0.52689280076
0.791931119416
0.79524678414
0.284567170954
0.491176711456
0.619668392445
0.401510851396
0.470145795578
0.745377233018
0.223587527054
0.625422710643
0.16786505908
0.677151619789
0.746029091484
0.534539964379
0.627432347746
0.513934990682
0.621107546972
0.671121285526
0.354433224295
0.387741204597
0.453527543057
