0.629597541324
0.664171869266
0.305553092325
0.549474388204
0.381290775136
0.53943858645
0.812311438225
0.820199078149
0.801733595006
0.815063275379
0.570823025695
0.612328998657
0.527107979351
0.428818700081
0.512521238385
0.373078194478
0.437405655631
0.791185591207
0.437537054427
0.506801718498
0.741607380999
0.749832040781
0.230730640579
0.546732628396
0.641682208006
0.619881045502
0.737181255442
0.743486118
0.561871191271
0.446314093236
0.526322822376
0.570181093355
0.427571302809
0.49590350727
0.549064842745
0.762945913984
0.77801200591
0.642558109762
0.848452797757
0.600427856515
0.54321042851
0.602730398124
0.474931205742
0.438068836775
0.589608616071
0.62567407649
0.606029354407
0.530142588785
0.411012151303
0.524464109778
0.35541581126
0.57842446774
0.558164151509
0.401716383399
0.528634389817
0.65885114225
0.68583528587
0.347105089534
0.381742567507
0.738784275215
0.746098058818
0.758390996311
0.764257375745
0.611039409629
0.762283372404
0.231033729947
0.665143082373
0.685724641613
0.413468280521
0.472776591755
0.771734379152
0.778554525302
0.346781083142
0.583198360208
0.416869990239
0.515493621659
0.733613171844
0.747659418872
0.522500359614
0.429040911424
0.507074613817
0.744064857742
0.712163693651
0.376987571463
0.533842434663
0.495704100372
0.55309203775
0.59225438406
0.648686584139
0.458744933179
0.492069502397
0.545892557892
0.818218188679
0.81511081472
0.526557437877
0.580755078628
0.398485573778
0.518272170978
0.439175981681
0.805108790842
0.190861187471
0.638451733664
0.528895726705
0.579042025772
0.565552419203
0.507151583637
0.567442606659
0.39883625167
0.488967390973
0.67285859356
0.310785856655
0.616651391847
0.426693186243
0.706098709085
0.726593343663
0.606597616077
0.746144242038
0.676080726941
0.701939537826
0.507488471579
0.558624031562
0.586584273461
0.501422930439
0.451580007079
0.489813822003
0.53729108312
0.402184482673
0.61342178921
0.643320615498
0.430483741044
0.500788939459
0.599228418605
0.628599738672
0.556616896517
0.558038407514
0.709597595301
0.272408604228
0.636559324428
0.831068151454
0.510643069565
0.56122066026
0.393367901527
0.63823787813
0.477414564366
0.598041529973
0.641082096723
0.706919375092
0.423102764384
0.503085172485
0.433082006912
0.708371385726
0.724818914218
0.570785816875
0.616654924828
0.651536611428
0.322050527763
0.348243781599
0.698948421674
0.709773163383
0.462980772385
0.525884923501
0.752501360062
0.237970261582
0.682040011551
0.37024748477
0.551891250413
0.601355788339
0.602664643395
0.584577397195
0.670893431491
0.472893168419
0.576644372823
0.60869359206
0.352723499262
0.555835442412
0.395446887409
0.517155647382
0.653900774423
0.688584829586
0.692439314136
0.588060305149
0.709211442806
0.312261350613
0.36662991817
0.61152260145
0.545574365894
0.561331777117
0.475487600388
0.536332702201
0.422842680684
0.458326749075
0.673963073566
0.648215079001
0.650283126893
0.685670649587
0.762299740294
0.764128974902
0.560346956114
0.61341169483
0.583691094425
0.615898468609
0.638256727702
0.616906878042
0.68915859799
0.704169590779
0.603491471003
0.632086941129
0.538528444081
0.58818699635
0.350596437249
0.70016741966
0.719772428354
0.523548221381
0.416371565213
0.523204288884
0.628559874146
0.345894678666
0.587062262995
0.703615351321
0.71921848934
0.532894115448
0.597609475846
0.374146071086
0.631841529056
0.670839459867
0.412288141663
0.471757616535
0.517040337635
0.514227855182
0.697678107193
0.711294564975
0.524065944211
0.568683683621
0.559576304167
0.607583645402
0.458815540551
0.512907614554
0.434349497056
0.445037426254
0.454025050368
0.480840709026
0.444857209971
0.498873476815
0.681384932746
0.695029166843
0.278113274962
0.518430252328
0.562450276597
0.547489604963
0.584824468357
0.453084922771
0.506562177731
0.447333314373
0.666609276541
0.686934771554
0.284697368382
0.604575371356
0.479883996879
0.529029007918
0.77012367761
0.585018420984
0.439563439425
0.511135004634
0.504468845968
0.716603869217
0.474386113872
0.517482517381
0.520089293637
0.491254391584
0.492698884697
0.595578378489
0.280367924252
0.64598729636
0.530780610463
0.407451648907
0.523643537989
0.614826862853
0.730646575278
0.473093589866
0.737939290473
0.60544079795
0.539997830436
0.557790421898
0.606137100459
0.689851620519
0.719238318337
0.847381072561
0.852735028124
0.586700221872
0.621539298722
0.635376828187
0.736633653012
0.763706878573
0.805077539751
0.80648041992
0.367970831692
0.422741703926
0.577369516228
0.621977333693
0.461147776086
0.559158723184
0.585565395233
0.366304640021
0.634415281812
0.537592228775
0.598304833244
0.554880739747
0.540354585059
0.587540664711
0.41159433895
0.748008535614
0.75981063342
0.649918166524
0.588996192574
0.518716581028
0.633522415443
0.330336572724
0.644406721769
0.470107242102
0.524003730142
0.555740735548
0.545046425217
0.59580146224
0.337360771585
0.695227661952
0.608573367138
0.470703256294
0.375426012518
0.80808386855
0.654152171609
0.566835646364
0.611186233306
0.539633544961
0.577013424794
0.606541972209
0.614512920063
0.339662060362
0.689647046464
0.729357187441
0.559374728611
0.822667474986
0.799323742384
0.802655243526
0.286938210064
0.546223612873
0.600700236252
0
0.652798839489
0.662885909046
0.685488661063
0.330154358809
0.401505120203
0.599850414894
0.63062633457
0.66527897384
0.413612141239
0.523960596474
0.427469429133
0.489698737085
0.370775184911
0.63361266031
0.745347591558
0.720960289772
0.561061061982
0.388728490546
0.540019607414
0.662375027065
0.688712888971
0.712282128769
1
0.501809046867
0.421169489801
0.409514354959
0.575951754036
0.376712185907
0.714394065538
0.428836904736
0.489121123347
0
0.367956579174
0.418805221718
0.453657981612
0.523050026294
0.422107618452
0.546038129642
0.380914282739
0.555646480341
0.380439777033
0.608756299812
0.389722030441
0.49842972604
0.444659295641
0.720681137095
0.542470566828
0.589266005615
0.603305257169
0.653955794637
0.364169019275
0.54883850579
0.459165066835
0.274818764107
0.652934461218
0.629692443388
0.39888049471
0.466864712038
0.510985025459
0.561501979798
0.388372314097
0.472023265067
0.448333086509
0.497450922044
0.5688229733
0.387202606053
0.50934139892
0.578515468029
0.391159325917
0.494766770653
0.562518681622
0.390033916441
0.544494800013
0.779851708674
0.780640382104
0.668396351886
0.712565780274
0.582931260566
0.641287699188
0.346355526228
0.520268299461
0.575619839974
0.683025126467
0.297897349127
0.619323654508
0.652962846183
0.506234232709
0.449107078883
0.490020011072
0.370863682498
0.442110144503
0.757227063282
0.777824894438
0.459740007386
0.512166812532
0.306074528713
0.393792949999
0.40194009652
0.498732148505
0.436654228674
0.602509402366
0.367202342402
0.556991878978
0.583873567791
0.385390763117
0.467046643072
0.390943121184
0.540090758752
0.583523723572
0.415848328531
0.494198581626
0.544054291968
0.49397528088
0.570660695034
0.605250053359
0.489417793894
0.458173165887
0.526377619178
0.398904450286
0.478952871726
0.513315868249
0.559842920554
0.597972932108
0.44754459008
0.543869857039
0.641928700213
0.678947293882
0.301270633471
0.513941881078
0.437919533704
0.25168675324
0.322549502487
0.600154164476
0.478806054917
0.53300704554
0.577906644837
0.375136274845
0.663589412289
0.682930619624
0.557619293884
0.611213006963
0.591783643083
0.63362121182
0.590642085644
0.621579475808
0.788425060569
0.79173689511
0.551010882735
0.407553825469
0.485851387364
0.542756835995
0.596459124715
0.364819718727
0.445806133298
0.398792536103
0.414931226207
0.694445621557
0.713244412599
0.265453144665
0.754669298914
0.759771027131
0.489945679155
0.556114394306
0.596611401853
0.52720346207
0.578949159335
0.536749632802
0.594346688952
0.595471879687
0.641648573113
0.703341114521
0.726398301542
0.517321590829
0.417743471784
0.393164167031
0.456636213631
0.433580200226
0.496801660991
0.722638123514
0.255509133712
0.480220776186
0.529309725981
0.395645112481
0.457298984371
0.699483715496
0.728017301042
0.696522318344
0.707729519607
0.583446400173
0.373112563782
0.358461932928
0.449417052982
0.477702771401
0.53034641406
0.711364170218
0.471483168
0.627552312617
0.656562043605
0.591970798159
0.629493849125
0.532166156095
0.60487184981
0.625177672835
0.524991720668
0.608457365855
0.52136222969
0.576513761142
0.564969521027
0.609673016024
0.412736919892
0.472145202219
0.443963003428
0.479734202709
0.692578698788
0.63107522583
0.670223885668
0.304867840671
0.533079888954
0.42699716808
0.556189656065
0.516392887693
0.588000507336
0.686895943866
0.70281798514
0.4753410352
0.551122849351
0.598433253945
0.855797751149
0.499272218852
0.227852099959
0.699429872679
0.495314473913
0.445045060452
0.480224950545
0.467551942513
0.50634099975
0.452060026476
0.508843620185
0.549215853639
0.535781473042
0.578293822445
0.520362174645
0.524182330848
0.567181672975
0.54841951844
0.594113041745
0.44671049125
0.538158777625
0.756376031015
0.206834700583
0.723289627982
0.540154780713
0.405651317906
0.850362616229
0.836867293171
0.404746986854
0.761022218666
0.772572056624
0.530346845143
0.362614980369
0.434707399821
0.544317765594
0.561336061185
0.622815195862
0.490343187936
0.559546698517
0.415583352297
0.638662779972
0.564506983986
0.626630572477
0.543633706488
0.694563735783
0.640255570515
0.5220024286
0.588801224468
0.727354453378
0.44184105062
0.519069067911
0.744833575349
0.248711389637
0.676455767141
0.485280411214
0.536654162473
0.618203739055
0.357259718588
0.435699375234
0.494976697059
0.865403844359
0.87409527267
0.533969066671
0.58034989518
0.602264374
0.543267360581
0.623792988038
0.536360233301
0.354706231281
0.557286228756
0.643457946103
0.599953079968
0.651287160028
0.322254419343
0.5349765246
0.517989405137
0.389608579879
0.546482669844
0.411251862986
0.732657763576
0.738436842108
0.470993000777
0.475255528626
0.479335122175
0.486148808901
0.588876255537
0.6187036233
0.47154981871
0.562447433751
0.375011469797
0.559378862622
0.700911137466
0.71142820907
0.294601506043
0.611095130681
0.350783770126
0.80186569949
0.200692591223
0.71353260384
0.583175480085
0.617016810133
0.747230654926
0.230409288516
0.464409983205
0.479022476358
0.698539054292
0.709428164547
0.719855900868
0.641322483175
0.332191666608
0.593106408472
0.589570876732
0.631834232778
0.526503449232
0.574239813994
0.380552370535
0.639998538178
0.3349497391
0.63233822648
0.654361626966
0.691647203776
0.287265974525
0
0.633932930605
0.492006778268
0.506672942546
0.610126006444
0.636111592511
0.655120456619
0.36839375558
0.555921569908
0.358119949706
0.424015083024
0.28477138913
0.644562574409
0.448798791164
0.513953254359
1
0.277739198832
0.691858955717
0.506426559888
0.58341174856
0.385768695503
0.532618423957
0.874289215711
0.876927888591
0.516943410441
0.578248690005
0.453141696566
0.490243919734
0.462351721978
0.644985497428
0.687131378341
0.486725234508
0.552199433423
0.489194605734
0.480422058482
0.451757637177
0.461154280091
0.738083590497
0.527327483056
0.418616811344
0.563251346592
0.395765343535
0.531643070135
0.773431404643
0.773915703186
0.278310134996
0.409671147715
0.472631455089
0.477025363809
0.453831384229
0.616030680991
0.64902626948
0.578854612455
0.623177486327
0.572307152229
0.620348881263
0.391708882546
0.284236878115
0.585933383539
0.426750683631
0.51580818335
0.770824235714
0.610380273312
0.428955919858
0.388421851943
0.743213708587
0.472190025226
0.834551112249
0.531241200227
0.789741549345
0.690064354254
0.559010018062
0.622246084415
0.421193951133
0.519055328165
0.568133001518
0.6280855826
0.391891490138
0.516450069093
0.427502699673
0.515164704987
0.892367971001
0.889277666579
0.633960507857
0.672541884393
0.70363476949
0.334996451118
0.233179076533
0.416817340892
0.51333806077
0.58552453221
0.40938072085
0.528650805674
0.523915012987
0.519971632636
0.633913450105
0.67831358213
0.721373295898
0.348015224666
0.474447529404
0.529373232792
0.766440659936
0.772559109046
0.22579012231
1
0.25805777589
0.500832402806
0.704763458976
0.278186565989
0.549937577652
0.815323360074
0.343769178705
0.794443006998
0.461252241303
0.82185138266
0.83226059761
0.4712010319
0.807803867101
0.522636065208
0.882928966462
0.878465723719
0.320044042538
0.570030881595
0.624166467386
0.347905721976
0.491631644297
0.560607173139
0.718654226751
0.727670869504
0.672496572934
0.701206118318
0.275354175775
0.264559354103
0.343415677307
0.486400238
0.541193173594
0.708738493714
0.738237390451
0.759686796318
0.61157551763
0.643543655828
0.663600117479
0.796606079597
0.683334250445
0.702358572562
0.425314229755
0.484479433272
0.353265230406
0.42823816901
0.511390926672
0.567901667645
0.616794664814
0.505093445207
0.667326894529
0.68752726861
0.473344594614
0.534547132547
0.448016433995
0.494572024001
0.808037596557
0.816487739389
0.614562373615
0.61754727563
0.707746626005
0.732268542589
0.360263102976
0.570974989593
0.443515957706
0.639108619712
0.745378730484
0.311353540089
0.835195640496
0.830472825339
0.286610963425
0.80405832936
0.646113557131
0.670065753058
0.760901087293
0.347734629069
0.659069197914
0.468813233849
0
0.708186310945
0.577603035798
0.613921913198
0.639225563196
0.660036997477
0.321423560389
0.535485762949
0.590558336604
0.367368302789
0.548618003316
0.667243790639
0.68907445548
1
0.481638232354
0.493920958564
0.54065300848
0.62683139963
0.436856661992
0.650056761413
0.671763755258
0.301585605902
0.667745480381
0.684966289952
0.464952015933
0.51968660493
0.570249702225
0.562922010766
0
0.633932930605
0.387515303551
0.549827383961
0.408520122719
0.354427169159
0.661199686886
0.307962980724
0.592970310579
0.861586129267
0.594025246636
0.539345888354
0.415255645104
0.524166242775
0.594751326728
0.620098311543
0.15672630064
0.426014231324
0.494569690264
0.815603339542
0.298741491975
0.774614168347
0
0.640598634818
0.497329251338
0.548378940088
0.398985347819
0
0.633932930605
0.710680502504
0.698059649271
0.356946327282
0.43158157509
0.351922613551
0.431520855414
0.545639550772
0.591848648523
0.636819743069
0.32162295066
0.52501222481
0.543185972994
0.556096206451
0.610851969869
0.455246460937
0.533839674606
0.543913418293
0.473442203259
0.469589720291
0.47956996169
0.585923163817
0.622677313778
0.743535489152
0.526557796741
0.475627397875
0.316423913994
0.603823835606
0.50956923294
0.430576306018
0.437521255161
0.505100334573
0.49574222016
0.425941582087
0.633837686066
0.678253269187
0.580015395023
0.612894725612
0.47145781668
0.547371079545
0.589453321363
0.522808981196
0.519047318196
0.347120120071
0.162733927869
0.401542100699
0.475797826789
0.532262952335
0.414802213561
0.585716266416
0.628720995427
0.644739622911
0.686935467654
0.483050684154
0.432369475657
0.62814475039
0.652289894759
0.54760459667
0.59787821038
0.464857009592
0.52323126768
0.701579861317
0.556410039946
0.466705635188
0.468610891879
0.478872859609
0.347863366583
0.639679533936
0.523849209653
0.386217023726
0.560350905645
0.328763302743
0.467397112798
0.730381525053
0.527787767588
0.781659172676
0.584623690239
0.527481134943
0.569892405158
0.540718417247
0.465971003888
0.477010738778
0.529769383151
0.754618734358
0.763838835662
0.414495121789
0.571728797006
0.59418769783
0.732466219417
0.428745706386
0.507921921491
0.372968391394
0.374822437959
0.464217459962
0.471726907132
0.513753453747
0.432058923923
0.506378692164
0.737749641441
0.756976765463
0.6381115958
0.67587806274
0.423639056198
0.68068996101
0.553106423667
0.716944960351
0.751561703444
0.833589950336
0.508444888246
0.555828791753
0.399856789532
0.462828591518
0.531058969352
0.428657235076
0.522130020152
0.565494248844
0.372582584
0.417677286578
0.724130130926
0.64035997702
0.455865749381
0.544962388144
0.414189716782
0.523461916696
0.547619092611
0.884276708195
0.537396661478
0.531247532819
0.55157885438
0.606339695223
0.463941608687
0.418282755437
0.572981544408
0.546234581569
0.374901584331
0.440523474423
0.450988555202
0.581949092827
0.345033848566
0.559292899401
0.54961359603
0.403525832638
0.472942553781
0.585938761101
0.516075884104
0.87016402892
0.803384526604
0.588506295153
0.610756090781
0.533603063246
0.591795866249
0.368595077723
0.576842524295
0.396773998884
0.477085192485
0.535471614815
0.455862425707
0.581803836901
0.623314405745
0.415418583235
0.525541184492
0.431701484727
0.482559747807
0.747990111395
0.540541735708
0.41777736969
0.516742703746
0.56106096016
0.558304513501
0.548782764105
0.37477317432
0.738272518726
0.463125069919
0.752368816991
0.756585118207
0.598662502052
0.782090488813
0.636266892497
0.468420818279
0.633403902226
0.199516377612
0.45877251677
0.60334847483
0.720905021786
0.516355652635
0.456868144342
0.549169667565
0.587674572803
0.772673811552
0.776661836889
0.438289317397
0.519529752058
0.861085223694
0.856774425272
0.421930994544
0.813166852709
0.58740744638
0.689534076619
0.715089431868
0.70255709543
0.715387217373
0.496070625008
0.495596280406
0.437686096395
0.516738483361
0.559560411284
0.721581666203
0.73586686958
0.673794672431
0.689992670737
0.747358025527
0.797851441636
0.814123647275
0.720189162752
0.267854577529
0.353296300209
0.575564673908
0.260736226189
0.551765164619
0.335785697739
0.491298952204
0.543386497972
0.542715025305
0.450388473161
0.523150852093
0.350598451879
0.574191499245
0.568214217018
0.557637230478
0.402146216407
0.537033021965
0.475969294294
0
0.350713046112
0.569584727355
0.520192699784
0.578108389887
0.3399787475
0.425886397482
0.702143007806
0.719633560569
0.246805620831
0.448615610521
0.516190704923
0.46395687735
0.518852059937
0.320577688852
0.414094813095
0.331832331416
0.572231636099
0.308300915986
0.410275679773
0.470018130813
0.479211371116
0.80315197775
0.431198794852
0.487993728312
0.780822037724
0.612045909209
0.594325407345
0.579212500181
0.513820695081
0.547806570788
0.514983486265
0.597822589812
0.638423109141
0.281918470483
0.509010870997
0.51118997302
0.565837838276
0.460636686252
0.540422667328
0.84963574095
0.734806304628
0.590851285025
0.628585403244
0.653461776329
0.671800037985
0.687028949618
0.573344659413
0.626823680503
0.525869912547
0.567077425291
0.603879823277
0.35661105992
0.698150927898
0.714661729004
0.58661823915
0.629449534441
0.615798673195
0.354739591937
0.572413158543
0.542748311046
0.414303467851
0.526502757569
0.565194059292
0.623556592625
0.352547059763
0.382858739965
0.449183113135
0.457505294882
0.46448302285
0.284626816751
0.771654821228
0.222920024326
0.701625827948
0.74387095458
0.456096765634
0.538396871991
0.233338427168
0.863834131503
0.856992353329
0.575254901085
0.499957081523
0.55241395456
0.792656635126
0.726018386547
0.339635216256
0.407216625813
0.523847631127
0.400030761699
0.483081440227
0.798084703559
0.807891136078
0.441704862732
0.449534553794
0.516966607759
0.435432174631
0.435838318419
0.491948677454
0.423655306968
0.515316648122
0
0.51798545909
0.4659181089
0.518871253307
0.639139665927
0.679452240991
0.299145183688
0.738818945928
0.75039556719
0.857817393418
0.461567331145
0.767407051762
0.647464669101
0.431837613387
0.578854794076
0.628304265366
0.360174051275
0.65210637526
0.54660957759
0.590673869551
0.359299983275
0.575238263139
0.37165851499
0.550626074331
0.730817750688
0.575055031618
0.421567264822
0.505243350891
0.700775094802
0.480195983177
0.691109383556
0.712290522666
0.415774031209
0.426306041706
0.469742769639
0.522074566571
0.300273806314
0.464146619341
0.646989931473
0.380710886033
0.533979478326
0.579661691188
0.388837418775
0.53992362268
0.59952860424
0.507495444404
0.736227593426
0.742667805145
0.675070334072
0.692442367508
0.606441758517
0.636009712442
0.632387903521
0.328721607827
0.400174857518
0.505881368909
0.446286050307
0.485778185646
0.606895045106
0.639734203275
0.320071885089
0.594207075372
0.646711284305
0.460576095659
0.538303500187
0.624262443471
0.677822489779
0.50719829134
0.566234737536
0.375610900379
0.557240510803
0.694094746395
0.285246509534
0.637861319464
0.460561891
0.565657731199
0.341679146167
0.446694123902
0.814427509315
0.817390926467
0.612765783898
0.664937605702
0.311077995429
0.418871084281
0.478947805316
0.607439285315
0.409614163288
0.578092856605
0.61452741259
0.4163806111
0.486285138876
0.522093304319
0.582444429037
0.685082468838
0.699402788169
0.65231166269
0.641253389036
0.380491590391
0.551181306715
0.626854928249
0.661953328933
0.362394688983
0.660769464105
0.308311674008
0.617348099047
0.643433113842
0.419302523197
0.493808664608
0.556981663844
0.610698864653
0.362013920528
0.455252227956
0.52724435256
0.637405758841
0.670492370141
0.506037746372
0.505040370142
0.438862252962
0.486601437421
0.454435733519
0.445053910463
0.502920798012
0.369328228192
0.493261177263
0.526045252396
0.317312546374
0.391173736073
0.703362920649
0.223604826039
0.300814527632
0.519520874243
0.577560111877
0.609442910729
0.756904770773
0.762973614164
0.532464383055
0.572497292255
0.795621534191
0.686026282966
0.435173647203
0.537248217653
0.440772825482
0.550020817212
0.541826759829
0.153913691368
0.442832381974
0.404595646767
0.425209698417
0.824751132746
0.613403196009
0.3654195548
0.665442243148
0.6844631518
0.588402196397
0.635973377396
0.663897589483
0.319545272109
0.602981742095
0.513625924803
0.599240678996
0.51494817195
0.423519076845
0.735516710086
0.747601615172
0.418945761243
0.588745362125
0.371064829886
0.608407298255
0.419916966233
0.514900547013
0.437130957953
0.436239100306
0.433477893782
0.503344843426
0.770337514765
0.788925674979
0.78869299
0.574661601448
0.796475770531
0.196931777492
0.732874115785
0.221101445155
0.489371712154
0.711515933636
0.83403697808
0.571906404956
0.779231139583
0.634696026842
0.657596384681
0.736262952584
0.704850203263
0.747945707592
0.617773567972
0.862196780398
0.423182852843
0.136833309175
0.503940612434
0.553840415821
0.459787167952
0.458515939728
0.483971227921
0.360428632499
0.500449525522
0.564755895217
0.583908252749
0.429623360208
0.511833470632
0.361862391047
0.456346655055
0.512425619555
0.860838020693
0.412309280435
0.484218634269
0.332010981407
0.642926669096
0.573037716766
0.387801808042
0.456697674391
0.681036043861
0.698874097952
0.269727953395
0.412692844367
0.419156478945
0.488678076196
0.456917409119
0.548444003866
0.606815293092
0.410147190739
0.404542083002
0.415107664799
0.679874973579
0.524134737386
0.47984473143
0.457664373549
0.770508541868
0.335404633319
0.441993332601
0.480801914822
0.685127241439
0.716399030669
0.609280536078
0.638329268892
0.569090022868
0.522995925255
0.56620629584
0.381868942748
0.531882914629
0.488589395403
0.490473718273
0.444785883076
0.410274765386
0.470017339922
0.21634726518
0.296809512272
0.504482932031
0.556147659799
0.414928816996
0.475551887572
0.458290454466
0.465140798675
0.683915234049
0
0.632043420826
0.42838191184
0.517058496984
0.578342537199
0.541804016032
0.589371737396
0.639658254006
1
0.496949960816
0.470086630103
0.529634501447
0.42503574271
0.534571771425
0.595616810483
0.363283428496
0.537198494201
0.587103446546
0.34799958973
0.582087196128
0.374210619545
0.419257073221
0.491158089153
0.472447166151
0.524336357311
0.663682660535
0.554768572525
0.505674859104
0.411781064585
0.527166020616
0.424485440801
0.493258715448
0.505627724546
0.360314475746
0.436796751972
0.58750182663
0.619012792674
0.53310319447
0.594428622669
0.345608876325
0.412677261041
0.516914856867
0.482504826324
0.463914473537
0.473332782116
0.421479556503
0.505167925879
0.448484778457
0.546673229643
0.428321494132
0.45728450753
0.464298040109
0.557332498684
0.613969376489
0.649360514841
0.502919207635
0.56139908384
0.399078001054
0.541716737535
0.583154326878
0.637901909693
0.838329163237
0.835525807344
0.438500565966
0.50099098255
0.552318198643
0.59940448562
0.366359665064
0.432903809891
0.443819877002
0.482280847491
0.534159567116
0.468023357743
0.473287988572
0.569079974752
0.675735355852
0.711687446313
0.485311884164
0.459710206502
0.479056892472
0.505619894912
0.442915270014
0.690048828963
0.58933811974
0.631646256351
0.511723567403
0.217559403225
0.496508875595
0.542845437312
0.412397932969
0.782277798264
0.481900579799
0.535582936047
0.411975858438
0.310877344282
0.651825452274
0.661173533655
0.67475732158
0.313302815003
0.408124921453
0.471291812165
0.739335068768
0.562359909489
0.48012169136
0.547993477711
0.413197035978
0.472542459851
0.711301008297
0.676508869975
0.702289397105
0.593314291013
0.287921680326
0.627680273276
0.650528297767
0.324655350673
0.762588838858
0.58810870686
0.622686705397
0.52095642487
0.36050690183
0.709925820516
0.680957013457
0.722989092928
0.420016933722
0.448951143898
0.506218184009
0.751350615878
0.649642479646
0.6034440523
0.648046081154
0.544823669539
0.582639111749
0.635723311326
0.68311013132
0.491977041484
0.447617517471
0.489246514205
0.429799605605
0.491691713505
0.461047174333
0.532550402787
0.425945536895
0.390407847751
0.66490318461
0.446885206568
0.50621915551
0.475820018131
0.538990176094
0.591240694558
0.734904049623
0.43971229604
0.506256606735
0.445976386995
0.414611052576
0.489760265117
0.452178959137
0.382460784538
0.535553914966
0.421892629338
0.755947320386
0.766555676976
0.64066396318
0.447233293925
0.510356979227
0.565154015275
0.382716145285
0.602591168256
0.804527523865
0.652363362755
0.578547712361
0
0.640598634818
0.683636680756
0.713167965059
0.459686066315
0.582928127343
0.807258912225
0.530377052028
0.484734047099
0.534580461685
0.75500059379
0.228652925524
0.701228543085
0.496132984717
0.553446030425
0.518727603914
0.566015028097
0.387204213934
0.694944991156
0.62932036348
0.616150518636
0.557561951489
0.856516073227
0.852467994833
0.514979778839
0.561212894666
0.402473019763
0.423067301101
0.514074471845
0.421020693641
0.542110858745
0.529922494469
0.598570902281
0.639101967353
0.498328995566
0.658434823337
0.692239939394
0.243971142929
0.418277490837
0.572548549543
0.623234345956
0.619669320541
0.648420518482
0.483638447894
0.64622471756
0.347535195373
0.635504720263
0.8154703128
0.773812158003
0.731274947197
0.727152177331
0.619239445759
0.572400348772
0.388320291005
0.535808935766
0.486660373523
0.654167208601
0.628524220378
0.52174243084
0.518156087092
0.560728392516
0.486095518188
0.552502515311
0.497639237995
0.690485326851
0.70672891282
0.372686714059
0.466144328569
0.601420109487
0.414750020821
0.473882393089
0.662238906994
0.307120556386
0.623091776997
0.283742535958
0.639337123336
0.682631986619
0.71410454936
0.565851346032
0.602899818809
0.580716488522
0.613467642416
0.414035764415
0.22484654903
0.4416624349
